   200.00000       1.6039432412162165       0.72666742801510831     
   300.00000       1.2787761856179782       0.35826896905554945     
   400.00000       1.2201297570967742       0.40814718491256458     
   500.00000       1.2052340539999999       0.31546501127288862     
   600.00000       1.2165916377894734       0.30173292770521737     
   700.00000       1.2261954898947369       0.24480151033305825     
   800.00000       1.2569591046315784       0.34192324101271898     
   900.00000       1.2539743446315790       0.15637400478441163     
  1000.00000       1.2667934811458335       0.18343141450573527     
   1100.0000       1.3060136656250003       0.16449234670243346     
   1200.0000       1.3321135410526315       0.14981371375308625     
   1300.0000       1.3586393385416666       0.17880387826313895     
   1400.0000       1.3978528416666673       0.19243331686336823     
   1500.0000       1.4429066812500009       0.21068210398070197     
   1600.0000       1.4628012635416667       0.23724884390642961     
   1700.0000       1.5035614604166676       0.23594212850724658     
   1800.0000       1.5287939947916673       0.27264859336922653     
   1900.0000       1.5617560583333336       0.26466591605928091     
   2000.0000       1.6070168354166672       0.29493034405547713     
   2100.0000       1.6455389781249998       0.28654811308803829     
   2200.0000       1.7093049583333331       0.38284595571065866     
   2300.0000       1.7514796145833331       0.46003267867652603     
   2400.0000       1.8708080760416663       0.64207722055770400     
   2500.0000       1.8410667437499997       0.48917476669941273     
   2600.0000       1.8703062687500005       0.46662952872911617     
   2700.0000       1.9151189687499999       0.54405732272094098     
   2800.0000       2.0268612989583330       0.68606241729285700     
   2900.0000       2.0580579302083333       0.59415744396090686     
   3000.0000       2.1408867645833323       0.62250995474723814     
   3100.0000       2.2208918052083324       0.70692378488674534     
   3200.0000       2.2706233916666658       0.79149281603474020     
   3300.0000       2.3072155916666666       0.70929767802412502     
   3400.0000       2.2768479843750007       0.64429253385802321     
   3500.0000       2.3673440020833341       0.70749788286139559     
   3600.0000       2.4526057406249993       0.72997036523959669     
   3700.0000       2.4877330562500002       0.77955351435030673     
   3800.0000       2.5746786010416671       0.78929762554556993     
   3900.0000       2.5345705718749998       0.67080189746871155     
   4000.0000       2.7129277791666664       0.81856859967394513     
   4100.0000       2.7044490666666676       0.75430895307627477     
   4200.0000       2.7309932562499988       0.71175946015503422     
   4300.0000       2.8294489864583343       0.75371179448351167     
   4400.0000       2.8754079854166665       0.80607509974070923     
   4500.0000       2.8970071729166675       0.69777226509094692     
   4600.0000       2.9356485437500002       0.71969920394675002     
   4700.0000       2.9935609999999993       0.72828018143708795     
   4800.0000       3.0139648416666671       0.68189558286018648     
   4900.0000       3.0256802041666648       0.61093198965407203     
   5000.0000       3.1239070968750009       0.63062005641307117     
   5100.0000       3.1089190729166667       0.60746918417584794     
   5200.0000       3.0217263604166664       0.47313760517472725     
   5300.0000       3.0355767416666679       0.46732108404626188     
   5400.0000       3.0874240322916653       0.46696763411553877     
   5500.0000       3.0870369083333302       0.45853612966368379     
   5600.0000       3.1281642229166677       0.47959730875773920     
   5700.0000       3.1872354104166685       0.50954543254773288     
   5800.0000       3.1944216385416664       0.47772907435193712     
   5900.0000       3.1722833364583334       0.41790671683694264     
   6000.0000       3.1404434593750001       0.36389146309621634     
   6100.0000       3.1404850447916668       0.30711214894409911     
   6200.0000       3.1719306552083335       0.28625526054819173     
   6300.0000       3.1474163010416660       0.28349521904917002     
   6400.0000       3.1608883541666670       0.29477092431277352     
   6500.0000       3.1930482854166673       0.39445011118880463     
   6600.0000       3.1553019770833317       0.26669998430610792     
   6700.0000       3.1879448968750004       0.22556268452720601     
   6800.0000       3.1766895218749993       0.21367160291828372     
   6900.0000       3.2032124749999995       0.19940205148894269     
   7000.0000       3.2010395020833333       0.21443112894041896     
   7100.0000       3.2203254499999985       0.19165545065215336     
   7200.0000       3.2022492187499996       0.20002629961424678     
   7300.0000       3.2101220875000003       9.44411525650636491E-002
   7400.0000       3.2029415687499978       0.11626782462204939     
   7500.0000       3.2016154406249999       0.12012977821861366     
   7600.0000       3.2248361562499994       0.17232462644250618     
   7700.0000       3.2207277989583325       0.14442958198897182     
   7800.0000       3.2349336718749995       0.15041815928867167     
   7900.0000       3.2200873291666663       8.45466362388212628E-002
   8000.0000       3.2181983697916685       6.96950052938750814E-002
   8100.0000       3.2160130864583341       6.84310385120109471E-002
   8200.0000       3.2181439125000004       6.90648267373649288E-002
   8300.0000       3.2403696166666678       0.14917751303861082     
   8400.0000       3.2327721843750008       8.08683526460063223E-002
   8500.0000       3.2250545458333337       1.37307976368466582E-002
   8600.0000       3.2225225072916666       1.30089431939226525E-002
   8700.0000       3.2236317114583346       1.12778836491842262E-002
   8800.0000       3.2246826000000000       1.27121132003984050E-002
   8900.0000       3.2239669677083342       1.33499603316554437E-002
   9000.0000       3.2236523645833333       1.30112260201038915E-002
   9100.0000       3.2226921656249985       1.19773636981713762E-002
   9200.0000       3.2233831177083339       1.12384084582091513E-002
   9300.0000       3.2213415708333337       1.23474751872648687E-002
   9400.0000       3.2227690791666652       1.09673555785923041E-002
   9500.0000       3.2230768437499990       1.29314369635901739E-002
   9600.0000       3.2233586343750003       1.24805869096329958E-002
   9700.0000       3.2242140052083332       1.19049323233576913E-002
   9800.0000       3.2233160697916658       1.29273187171201412E-002
   9900.0000       3.2234474250000011       1.38736100324435563E-002
