   200.00000       21.060910895833331        2.5257018305596861     
   300.00000       27.364562125000010        4.0782321579339262     
   400.00000       33.631069635416658        5.8969734893130292     
   500.00000       39.490436895833327        7.5121871951699086     
   600.00000       45.429630270833322        9.6889050930521599     
   700.00000       53.199007270833313        16.828268551707396     
   800.00000       58.928161468749984        19.073001162632416     
   900.00000       65.315480395833319        22.529144696984346     
  1000.00000       70.596565249999998        24.700848867798520     
   1100.0000       77.508700093750022        29.508121175421635     
   1200.0000       81.923600239583365        26.242259570551699     
   1300.0000       88.499125874999990        30.187110319650049     
   1400.0000       95.613345072916630        34.052693387407423     
   1500.0000       104.74597413541666        39.344335136069731     
   1600.0000       111.70607456249998        44.526794453164861     
   1700.0000       121.18770414583334        50.383259214233853     
   1800.0000       129.28651212499997        55.697772008231830     
   1900.0000       137.68457733333332        59.470798659502428     
   2000.0000       150.98817748958331        76.878251608624552     
   2100.0000       161.15154536458331        78.929009062369573     
   2200.0000       176.28777510416663        92.277666244443068     
   2300.0000       190.81503816666660        120.94456943816095     
   2400.0000       221.10983785416667        172.11070381410968     
   2500.0000       226.49746853125001        169.69555731892660     
   2600.0000       242.12285618750005        174.93987884511606     
   2700.0000       259.09387486458337        200.88075300623984     
   2800.0000       293.63302697916669        238.37920307216103     
   2900.0000       309.30154504166666        236.69403364503415     
   3000.0000       336.70957805208332        246.61828032915903     
   3100.0000       364.62818885416664        261.52395450128284     
   3200.0000       394.17443264583329        288.21599264399617     
   3300.0000       412.61706245833329        289.13913608444193     
   3400.0000       418.77603202083338        287.02016162448587     
   3500.0000       451.04617193750005        304.84899065020880     
   3600.0000       485.31960144791674        317.83649244928927     
   3700.0000       510.32394971875004        325.63475299353320     
   3800.0000       541.96460378124993        332.53329230216286     
   3900.0000       549.97877095833326        327.93109166572657     
   4000.0000       605.30675093749983        341.23335290176743     
   4100.0000       622.07507947916656        341.21810453894994     
   4200.0000       647.68755458333328        338.57317473662050     
   4300.0000       684.51961052083334        341.12524478918425     
   4400.0000       708.65664739583326        341.73327341985464     
   4500.0000       727.07134624999992        328.45605960715233     
   4600.0000       751.99284937499976        324.62796672055549     
   4700.0000       779.29656552083304        321.10532046100695     
   4800.0000       801.00489885416653        310.89813763322587     
   4900.0000       815.25736666666637        296.09474538028991     
   5000.0000       852.49838822916638        277.66529876210757     
   5100.0000       862.03397822916668        268.23586496468090     
   5200.0000       856.82651302083320        270.35143375045345     
   5300.0000       865.50272822916668        262.38983124810005     
   5400.0000       879.75342260416653        249.40201172222081     
   5500.0000       885.72656270833329        244.48883399202785     
   5600.0000       903.08767374999991        231.52374946790474     
   5700.0000       923.39913187499997        208.48494807219942     
   5800.0000       934.86111114583343        195.61233298908408     
   5900.0000       940.07118062500001        190.54851129245881     
   6000.0000       940.07118062500001        190.54851129245881     
   6100.0000       942.67013895833327        182.65674962772030     
   6200.0000       950.83211812499997        166.74417415486579     
   6300.0000       949.10381958333335        172.17554211516642     
   6400.0000       954.32256958333335        165.93317053617662     
   6500.0000       961.27222229166671        153.25000323945892     
   6600.0000       956.06388895833334        160.18485906077791     
   6700.0000       964.40451395833327        140.15649651251027     
   6800.0000       964.40451395833327        140.15649651251027     
   6900.0000       972.21354166666663        119.51590167891155     
   7000.0000       975.68576395833327        117.83994293212817     
   7100.0000       982.62847229166664        97.706779552132403     
   7200.0000       980.89409729166664        107.27642816374019     
   7300.0000       984.36458333333337        87.054325686088859     
   7400.0000       984.36458333333337        87.054325686088859     
   7500.0000       984.36979166666663        87.025326916689835     
   7600.0000       989.58333333333337        71.413068754176635     
   7700.0000       989.57812500000000        71.448784400560285     
   7800.0000       994.79166666666663        50.764553879213992     
   7900.0000       994.79166666666663        50.764553879213992     
   8000.0000       994.79166666666663        50.764553879213992     
   8100.0000       994.79166666666663        50.764553879213992     
   8200.0000       994.79166666666663        50.764553879213992     
   8300.0000      1000.00000000000000        0.0000000000000000     
   8400.0000      1000.00000000000000        0.0000000000000000     
   8500.0000      1000.00000000000000        0.0000000000000000     
   8600.0000      1000.00000000000000        0.0000000000000000     
   8700.0000      1000.00000000000000        0.0000000000000000     
   8800.0000      1000.00000000000000        0.0000000000000000     
   8900.0000      1000.00000000000000        0.0000000000000000     
   9000.0000      1000.00000000000000        0.0000000000000000     
   9100.0000      1000.00000000000000        0.0000000000000000     
   9200.0000      1000.00000000000000        0.0000000000000000     
   9300.0000      1000.00000000000000        0.0000000000000000     
   9400.0000      1000.00000000000000        0.0000000000000000     
   9500.0000      1000.00000000000000        0.0000000000000000     
   9600.0000      1000.00000000000000        0.0000000000000000     
   9700.0000      1000.00000000000000        0.0000000000000000     
   9800.0000      1000.00000000000000        0.0000000000000000     
   9900.0000      1000.00000000000000        0.0000000000000000     
