   200.00000       2.3730344294736843       0.54752299026854756     
   300.00000       2.1770744378947371       0.55987872022260787     
   400.00000       2.1028729189473676       0.62163588580888907     
   500.00000       2.0608501705263156       0.55082034231691013     
   600.00000       2.0802939136842111       0.55466907344702254     
   700.00000       2.0176570557894733       0.54928632729484395     
   800.00000       2.0158876210526313       0.62590645687473334     
   900.00000       2.0543070652631577       0.61715693067097721     
  1000.00000       2.0493476168421059       0.61084949542365252     
   1100.0000       2.0321136178947365       0.70536890961929521     
   1200.0000       2.0509899778947376       0.65251386142944623     
   1300.0000       2.0637301610526313       0.70054620202440709     
   1400.0000       2.1127735978947362       0.78943805864721306     
   1500.0000       2.0868421031578941       0.79262584601860864     
   1600.0000       2.2231495431578945       0.82804561294696732     
   1700.0000       2.1699665884210519       0.82844023547229828     
   1800.0000       2.1201378442105261       0.93769047299448860     
   1900.0000       2.0732080210526314       0.97889916705569957     
   2000.0000       2.1298245610526316        1.0093934428566482     
   2100.0000       2.1996741894736838        1.3015144266183967     
   2200.0000       2.1101754357894742        1.2821087689455524     
   2300.0000       2.2765789505263156        1.4750484702621935     
   2400.0000       2.2334502915789467        1.2865427740066444     
   2500.0000       2.2962656642105261        1.4484002982767106     
   2600.0000       2.0489473673684211        1.4399740321487715     
   2700.0000       2.0689473663157898        1.4484688656831928     
   2800.0000       2.1375939821052632        1.6726408124434804     
   2900.0000       2.0922807000000003        1.6529997702664920     
   3000.0000       1.9952631599999999        1.5860349307180868     
   3100.0000       1.9570175452631580        1.5333458790638543     
   3200.0000       1.8894736852631582        1.4971435809359859     
   3300.0000       2.0994736821052631        1.7661741323407805     
   3400.0000       1.9714035105263161        1.6607168608820257     
   3500.0000       1.8526315789473684        1.7683644885551413     
   3600.0000       1.9798245631578946        1.8745648919070399     
   3700.0000       1.7500000000000000        1.7109468665382217     
   3800.0000       1.6842105284210525        1.8330101280789175     
   3900.0000       1.6017543873684210        1.7331131356006824     
   4000.0000       1.5833333315789475        1.8481458990753425     
   4100.0000       1.5280701778947368        1.7422598508267981     
   4200.0000       1.4833333357894736        1.7081931948922007     
   4300.0000       1.3815789463157895        1.7224259949160228     
   4400.0000       1.2368421063157895        1.4736633287889813     
   4500.0000       1.0938596473684210        1.4888593153367049     
   4600.0000      0.99999999999999989        1.4314246774634922     
   4700.0000      0.94035087578947363        1.4170878187587685     
   4800.0000      0.82456140421052637        1.3667668826486390     
   4900.0000      0.77543859789473690        1.2330176044736052     
   5000.0000      0.81754385999999990        1.3326914433049279     
   5100.0000      0.72807017578947375        1.2732177392891229     
   5200.0000      0.71228070315789471        1.2494307736543506     
   5300.0000      0.60175438526315783        1.1129999329262117     
   5400.0000      0.57894736736842101        1.1373103853393762     
   5500.0000      0.55263157894736847        1.1296801694809728     
   5600.0000      0.47719298315789477        1.0138256330611146     
   5700.0000      0.39999999894736843       0.90914779022325976     
   5800.0000      0.32807017473684208       0.91971665722163853     
   5900.0000      0.33859649052631580       0.79892201801694540     
   6000.0000      0.32280701894736846       0.90120469443232010     
   6100.0000      0.26315789473684209       0.71392947190792300     
   6200.0000      0.26666666736842104       0.77134347843940065     
   6300.0000      0.27894736842105261       0.72444457662290351     
   6400.0000      0.28421052631578947       0.81322176550384873     
   6500.0000      0.26842105263157895       0.89680874659976373     
   6600.0000      0.22631578947368422       0.71365781662108674     
   6700.0000      0.13684210526315790       0.47263040675039258     
   6800.0000      0.16842105263157894       0.65938777951014005     
   6900.0000      0.16842105263157894       0.65538468541199235     
   7000.0000      0.12105263157894737       0.70231118261773173     
   7100.0000      0.15263157894736842       0.68084190996970151     
   7200.0000      0.14210526315789473       0.58338015904922513     
   7300.0000      7.36842105263157826E-002  0.44110161767909400     
   7400.0000      6.31578947368421073E-002  0.34975258370181367     
   7500.0000      6.31578947368421073E-002  0.34975258370181367     
   7600.0000      7.36842105263157826E-002  0.33220492290651576     
   7700.0000      3.15789473684210537E-002  0.17487629185090683     
   7800.0000      2.10526315789473679E-002  0.14355980733669321     
   7900.0000      2.10526315789473679E-002  0.14355980733669321     
   8000.0000      2.10526315789473679E-002  0.14355980733669321     
   8100.0000      2.10526315789473679E-002  0.14355980733669321     
   8200.0000       0.0000000000000000        0.0000000000000000     
   8300.0000       0.0000000000000000        0.0000000000000000     
   8400.0000       0.0000000000000000        0.0000000000000000     
   8500.0000       0.0000000000000000        0.0000000000000000     
   8600.0000       0.0000000000000000        0.0000000000000000     
   8700.0000       0.0000000000000000        0.0000000000000000     
   8800.0000       0.0000000000000000        0.0000000000000000     
   8900.0000       0.0000000000000000        0.0000000000000000     
   9000.0000       0.0000000000000000        0.0000000000000000     
   9100.0000      1.05263157894736840E-002  0.10205641805087008     
   9200.0000       0.0000000000000000        0.0000000000000000     
   9300.0000       0.0000000000000000        0.0000000000000000     
   9400.0000       0.0000000000000000        0.0000000000000000     
   9500.0000       0.0000000000000000        0.0000000000000000     
   9600.0000       0.0000000000000000        0.0000000000000000     
   9700.0000       0.0000000000000000        0.0000000000000000     
   9800.0000       0.0000000000000000        0.0000000000000000     
   9900.0000       0.0000000000000000        0.0000000000000000     
