   200.00000       25.442865273684220        3.5431221351435696     
   300.00000       32.287319799999992        4.6881831682489130     
   400.00000       39.925735610526296        6.8909996213324325     
   500.00000       46.255387031578941        7.9193889549118319     
   600.00000       52.647272526315781        10.529057700975716     
   700.00000       59.640458957894772        12.691364856995818     
   800.00000       67.025093284210541        15.965326637332883     
   900.00000       74.964859799999999        18.022271784455629     
  1000.00000       83.087043357894729        27.078715472870137     
   1100.0000       95.618726652631565        42.995583082531063     
   1200.0000       102.59846051578945        41.665655054891111     
   1300.0000       117.64704276842104        97.692123570795857     
   1400.0000       125.95305123157893        97.381403414829393     
   1500.0000       133.04338598947368        97.941253385690359     
   1600.0000       140.27277476842102        96.845466596092280     
   1700.0000       149.43221128421058        99.563634552782432     
   1800.0000       158.71728954736841        103.87345321495221     
   1900.0000       164.19720943157895        105.24506296594190     
   2000.0000       170.52346132631581        104.07197171301810     
   2100.0000       182.08989309473682        113.01154009064295     
   2200.0000       200.60572921052628        121.67598631982912     
   2300.0000       208.21756827368418        120.35198913754081     
   2400.0000       210.10226188421049        112.42050313199999     
   2500.0000       226.09105485263157        141.89597997796537     
   2600.0000       238.69904386315795        158.84577345890591     
   2700.0000       255.11527546315781        161.85519334683588     
   2800.0000       285.21144136842105        194.25059674997590     
   2900.0000       299.08386863157887        202.70485043018155     
   3000.0000       315.66055221052619        212.76121497728650     
   3100.0000       330.25954926315779        214.33701680631791     
   3200.0000       349.29966631578941        223.81060113526709     
   3300.0000       362.08484610526295        223.33610103213232     
   3400.0000       382.82520515789474        246.44671398831949     
   3500.0000       388.84903557894728        236.99872607098533     
   3600.0000       409.80017600000008        250.05600316768215     
   3700.0000       427.26371000000000        245.15929319803573     
   3800.0000       458.24270621052636        259.84651797007984     
   3900.0000       483.56526347368418        272.41498999495093     
   4000.0000       492.31140368421052        283.74372124694224     
   4100.0000       510.26789505263156        280.89295581947420     
   4200.0000       533.43421063157894        283.56631852107807     
   4300.0000       550.35964968421058        293.78420192427751     
   4400.0000       564.63543873684205        297.76960481125809     
   4500.0000       587.33035115789482        303.54599552528890     
   4600.0000       602.48333389473680        311.20698221270931     
   4700.0000       619.70807084210537        317.77921604541029     
   4800.0000       627.65947378947385        311.02155638255545     
   4900.0000       671.53578947368419        311.05771692943824     
   5000.0000       705.18912284210523        309.82829622347663     
   5100.0000       704.54719305263154        309.06646262279565     
   5200.0000       736.30403494736834        305.20797085359811     
   5300.0000       728.47438621052640        307.89945822212019     
   5400.0000       747.79894747368439        297.50919665473879     
   5500.0000       775.88175452631583        294.38944763974399     
   5600.0000       782.05421063157894        292.38055029920093     
   5700.0000       799.78771957894730        287.31540729842175     
   5800.0000       827.89035136842085        271.69069475456581     
   5900.0000       841.92894736842106        262.86076100029106     
   6000.0000       845.45000021052624        263.80604305355973     
   6100.0000       863.02280715789470        254.43434665558783     
   6200.0000       877.41526315789474        243.14742461658804     
   6300.0000       899.87807031578939        226.98857550431848     
   6400.0000       889.34210526315792        233.62268039433181     
   6500.0000       902.51403515789468        220.78979481596065     
   6600.0000       913.04561410526310        213.13079414081892     
   6700.0000       914.84298252631572        208.87883225699372     
   6800.0000       917.47017557894731        201.94893171891340     
   6900.0000       920.96754399999998        201.93446050634375     
   7000.0000       928.00526315789477        192.71511024032952     
   7100.0000       934.13157894736844        184.72856315128874     
   7200.0000       945.54736842105262        170.23864340801805     
   7300.0000       949.96491242105253        167.37757260797173     
   7400.0000       945.58596505263154        170.12023881522072     
   7500.0000       957.86315810526310        151.05462690538153     
   7600.0000       959.61403515789470        144.63705759094958     
   7700.0000       959.63508778947369        144.57006869619053     
   7800.0000       954.37719305263158        151.90359951206801     
   7900.0000       971.91929831578943        120.11113204393521     
   8000.0000       973.67368421052629        111.69311264685265     
   8100.0000       966.65614042105256        129.36373457697192     
   8200.0000       984.21052631578948        87.438145925452716     
   8300.0000       984.21052631578948        87.438145925452716     
   8400.0000       982.45614042105262        98.151583610979941     
   8500.0000      1000.00000000000000        0.0000000000000000     
   8600.0000      1000.00000000000000        0.0000000000000000     
   8700.0000       992.98245621052627        68.037611353538097     
   8800.0000      1000.00000000000000        0.0000000000000000     
   8900.0000      1000.00000000000000        0.0000000000000000     
   9000.0000      1000.00000000000000        0.0000000000000000     
   9100.0000       999.98947368421057       0.10205641758334281     
   9200.0000      1000.00000000000000        0.0000000000000000     
   9300.0000      1000.00000000000000        0.0000000000000000     
   9400.0000      1000.00000000000000        0.0000000000000000     
   9500.0000      1000.00000000000000        0.0000000000000000     
   9600.0000      1000.00000000000000        0.0000000000000000     
   9700.0000      1000.00000000000000        0.0000000000000000     
   9800.0000      1000.00000000000000        0.0000000000000000     
   9900.0000      1000.00000000000000        0.0000000000000000     
