   200.00000       2.6491959113402057       0.57473898385368238     
   300.00000       2.4497712752577305       0.65304797430185768     
   400.00000       2.2702674804123713       0.69669648802147444     
   500.00000       2.1871134020618554       0.88103020120810982     
   600.00000       2.0716013381443297       0.77484628486785201     
   700.00000       1.9118311237113403       0.76496388055154529     
   800.00000       1.8117656711340206       0.77945215670594248     
   900.00000       1.6962690216494845       0.72514796945647386     
  1000.00000       1.5801669123711335       0.74512825562886387     
   1100.0000       1.5703158247422684       0.83212650268025368     
   1200.0000       1.4941703453608244       0.78060633016008274     
   1300.0000       1.5261168371134022       0.92589050937747219     
   1400.0000       1.5195876257731957       0.89600427135508609     
   1500.0000       1.4623711350515463       0.96844627624148127     
   1600.0000       1.3878006896907216       0.90935860815492275     
   1700.0000       1.3833333350515464       0.91076356108701151     
   1800.0000       1.4085910649484537        1.0210698770901410     
   1900.0000       1.3716494824742267       0.86285563187965864     
   2000.0000       1.4245704402061861        1.0669836570210858     
   2100.0000       1.3768041226804126        1.0489659933443509     
   2200.0000       1.2634020649484536       0.92399798813514655     
   2300.0000       1.2286941608247424       0.96925457006071969     
   2400.0000       1.2457044690721650        1.0513975813246967     
   2500.0000       1.2439862556701031       0.95572425488421087     
   2600.0000       1.1769759474226804        1.0068677206154490     
   2700.0000       1.1288659824742269        1.0084849520632637     
   2800.0000       1.0867697597938144        1.0664436457517328     
   2900.0000       1.0429553288659794        1.0103355769720479     
   3000.0000      0.98195876391752590       0.92643396763578933     
   3100.0000      0.96615120309278346       0.96995073696750722     
   3200.0000      0.92233677010309267       0.94553537882983929     
   3300.0000      0.83591065463917535       0.92102631130739110     
   3400.0000      0.80841924432989698       0.92007060605580249     
   3500.0000      0.72422680515463911       0.85649603552207698     
   3600.0000      0.82302405567010306        1.2150767363693531     
   3700.0000      0.70790378041237123       0.94099424965515011     
   3800.0000      0.67525773298969061       0.99090108459132664     
   3900.0000      0.67353951855670091        1.1586414030690222     
   4000.0000      0.68213058453608255        1.1951799142311526     
   4100.0000      0.69415807628865978        1.1972382341903824     
   4200.0000      0.64089347010309272        1.1935633510304713     
   4300.0000      0.54982817835051545        1.1266237985483694     
   4400.0000      0.54467353917525774        1.1025627394260329     
   4500.0000      0.47250859072164947        1.0650869988338267     
   4600.0000      0.43298969072164950        1.0542717865397513     
   4700.0000      0.37113402061855671        1.0411095155052552     
   4800.0000      0.39175257731958762        1.0031568833420077     
   4900.0000      0.38659793814432991       0.99872381102955499     
   5000.0000      0.38144329896907214       0.95726520869332954     
   5100.0000      0.31958762886597936       0.94755672520214906     
   5200.0000      0.28350515463917525       0.82770087883171328     
   5300.0000      0.25773195876288657       0.84069620774742737     
   5400.0000      0.21649484536082475       0.78945112243615034     
   5500.0000      0.20618556701030927       0.73130506601930712     
   5600.0000      0.17010309278350516       0.66148301806343524     
   5700.0000      0.13917525773195877       0.59526598075266191     
   5800.0000      0.12371134020618557       0.57897406524119466     
   5900.0000      8.24742268041237098E-002  0.42280611658577066     
   6000.0000      8.24742268041237098E-002  0.42280611658577066     
   6100.0000      6.18556701030927858E-002  0.31506611938012630     
   6200.0000      6.18556701030927858E-002  0.31506611938012630     
   6300.0000      4.12371134020618549E-002  0.24526551037876948     
   6400.0000      4.12371134020618549E-002  0.24526551037876948     
   6500.0000      4.12371134020618549E-002  0.24526551037876948     
   6600.0000      4.12371134020618549E-002  0.24526551037876948     
   6700.0000      2.06185567010309274E-002  0.14210359538237341     
   6800.0000      2.06185567010309274E-002  0.14210359538237341     
   6900.0000       0.0000000000000000        0.0000000000000000     
   7000.0000       0.0000000000000000        0.0000000000000000     
   7100.0000       0.0000000000000000        0.0000000000000000     
   7200.0000       0.0000000000000000        0.0000000000000000     
   7300.0000       0.0000000000000000        0.0000000000000000     
   7400.0000       0.0000000000000000        0.0000000000000000     
   7500.0000       0.0000000000000000        0.0000000000000000     
   7600.0000       0.0000000000000000        0.0000000000000000     
   7700.0000       0.0000000000000000        0.0000000000000000     
   7800.0000       0.0000000000000000        0.0000000000000000     
   7900.0000       0.0000000000000000        0.0000000000000000     
   8000.0000       0.0000000000000000        0.0000000000000000     
   8100.0000       0.0000000000000000        0.0000000000000000     
   8200.0000       0.0000000000000000        0.0000000000000000     
   8300.0000       0.0000000000000000        0.0000000000000000     
   8400.0000       0.0000000000000000        0.0000000000000000     
   8500.0000       0.0000000000000000        0.0000000000000000     
   8600.0000       0.0000000000000000        0.0000000000000000     
   8700.0000       0.0000000000000000        0.0000000000000000     
   8800.0000       0.0000000000000000        0.0000000000000000     
   8900.0000       0.0000000000000000        0.0000000000000000     
   9000.0000       0.0000000000000000        0.0000000000000000     
   9100.0000       0.0000000000000000        0.0000000000000000     
   9200.0000       0.0000000000000000        0.0000000000000000     
   9300.0000       0.0000000000000000        0.0000000000000000     
   9400.0000       0.0000000000000000        0.0000000000000000     
   9500.0000       0.0000000000000000        0.0000000000000000     
   9600.0000       0.0000000000000000        0.0000000000000000     
   9700.0000       0.0000000000000000        0.0000000000000000     
   9800.0000       0.0000000000000000        0.0000000000000000     
   9900.0000       0.0000000000000000        0.0000000000000000     
