   200.00000       23.655668979797973        3.5563981785794900     
   300.00000       27.953089838383846        4.3075651422273111     
   400.00000       33.338526929292918        5.7108251624656425     
   500.00000       37.158074292929292        6.8178160697770780     
   600.00000       40.623863323232321        7.3182474042252776     
   700.00000       45.123839818181828        9.7346576793184276     
   800.00000       48.308296333333324        11.240126564760898     
   900.00000       53.942592959595963        14.143055380654387     
  1000.00000       57.477521969696966        15.560874752637405     
   1100.0000       58.054047676767652        14.761004391135709     
   1200.0000       63.605228606060585        17.376330475624790     
   1300.0000       66.231934989899003        18.098000006962828     
   1400.0000       69.024199373737332        19.979851134789911     
   1500.0000       73.830500666666680        22.155322806894535     
   1600.0000       76.202632545454563        20.911065847497476     
   1700.0000       79.147185464646469        21.150373877572356     
   1800.0000       85.650494808080794        26.682244294187036     
   1900.0000       87.917336868686860        29.967019649878278     
   2000.0000       93.444409767676774        32.492333295561146     
   2100.0000       98.546138737373724        33.785996707800933     
   2200.0000       98.403926474747479        31.691190556354087     
   2300.0000       105.68571852525258        34.530948764871695     
   2400.0000       105.35406401010103        32.705404806463996     
   2500.0000       111.44321945454546        38.225799860039750     
   2600.0000       118.74992269696975        40.907295989015118     
   2700.0000       119.76141644444446        44.860056335147320     
   2800.0000       121.16794932323231        42.641752683474621     
   2900.0000       132.36398561616161        55.842486261006869     
   3000.0000       133.73123159595960        49.208193821118940     
   3100.0000       143.53621281818181        62.855318981308422     
   3200.0000       149.71476553535356        56.924903108864896     
   3300.0000       150.61989838383840        65.522952250658165     
   3400.0000       161.64594532323233        76.883020130272897     
   3500.0000       166.18445219191918        82.319152715903158     
   3600.0000       175.12172148484851        92.436930979965240     
   3700.0000       164.05504282828278        76.222358813339028     
   3800.0000       167.71615112121211        72.969555022340103     
   3900.0000       179.20593539393940        80.142291568647323     
   4000.0000       184.94791797979798        79.468864189127828     
   4100.0000       191.07158703030305        90.161852986013201     
   4200.0000       204.42863945454548        120.25006660712985     
   4300.0000       209.01995779797988        99.443341448667553     
   4400.0000       210.59017241414142        99.849401523129643     
   4500.0000       230.96486696969700        151.38326387654553     
   4600.0000       224.02128544444449        103.73401472469030     
   4700.0000       254.96522465656571        174.20184677403836     
   4800.0000       237.57629446464642        137.41513142687003     
   4900.0000       238.16683910101008        107.34230150616506     
   5000.0000       270.40496539393939        171.79532854618600     
   5100.0000       270.14601827272725        159.61826426523888     
   5200.0000       273.67717478787876        170.95115717361537     
   5300.0000       302.25482234343428        203.45824899370677     
   5400.0000       290.43578818181811        186.95640787610512     
   5500.0000       297.96651990909095        189.15539660903994     
   5600.0000       313.84705478787885        212.95999630798840     
   5700.0000       325.67624327272733        216.23817624677102     
   5800.0000       349.69888619191909        231.70055338772536     
   5900.0000       333.51818001010099        215.11758120951635     
   6000.0000       377.74924894949498        262.88420109084814     
   6100.0000       359.46589761616161        237.24510869373324     
   6200.0000       372.18535118181819        255.43094540027369     
   6300.0000       362.70091989898992        244.47543888548896     
   6400.0000       379.72441118181808        249.09701913470124     
   6500.0000       394.65283838383840        256.27219045254532     
   6600.0000       410.19664484848465        277.16958318358803     
   6700.0000       414.53716919191925        275.46147843481327     
   6800.0000       407.55495474747477        257.96797969926189     
   6900.0000       435.66195149494945        290.09222006095911     
   7000.0000       454.17509632323237        281.64260149628302     
   7100.0000       455.42993189898976        295.72380092638303     
   7200.0000       451.38552222222216        283.66697411091525     
   7300.0000       472.68355595959599        289.08076051616638     
   7400.0000       482.53993511111111        297.44561229367531     
   7500.0000       501.63190242424247        295.93902357165081     
   7600.0000       533.54729070707060        311.32842781221467     
   7700.0000       537.74425909090905        322.78601360528603     
   7800.0000       518.93997513131308        307.76183374950477     
   7900.0000       542.16489163636356        312.54928375189093     
   8000.0000       541.11127979797982        320.51639988990001     
   8100.0000       554.46143309090917        310.02397117436442     
   8200.0000       585.42972159595956        320.94783955671221     
   8300.0000       616.38083606060593        317.25448450834398     
   8400.0000       609.11854259595952        329.10761015251694     
   8500.0000       614.56468603030305        341.87662370998902     
   8600.0000       631.82845090909098        321.47637882019382     
   8700.0000       622.58975505050500        324.13702016929847     
   8800.0000       638.81784545454548        321.55074513664732     
   8900.0000       657.16666717171699        323.53291334759598     
   9000.0000       659.78191464646454        336.19775683438854     
   9100.0000       670.02320818181829        331.06278281773774     
   9200.0000       683.51661070707064        324.23519237921090     
   9300.0000       668.42356919191923        330.82805321263112     
   9400.0000       690.92477191919204        336.49971821701621     
   9500.0000       673.32032531313132        334.66859677955853     
   9600.0000       666.11557262626252        322.62971454015553     
   9700.0000       714.04781171717184        317.19662506580903     
   9800.0000       719.12348525252503        310.32831242504204     
   9900.0000       724.80740808080805        316.36980157389189     
