   200.00000       23.231579639175262        3.2555837896964133     
   300.00000       29.170897061855673        4.2326837794387879     
   400.00000       35.592189659793824        5.8096559905142957     
   500.00000       41.442720154639183        7.9239132845319897     
   600.00000       47.268887814432993        10.386593710690667     
   700.00000       54.082323309278351        13.392080326969962     
   800.00000       60.450726546391756        15.494923867281166     
   900.00000       66.852356463917531        18.747288795701902     
  1000.00000       73.528256886597930        21.953462752328928     
   1100.0000       79.390431608247425        24.054899454427837     
   1200.0000       87.594134886597942        27.920315766709784     
   1300.0000       93.856068783505137        31.440508446893801     
   1400.0000       99.413436690721710        33.853808059019897     
   1500.0000       106.49120868041240        36.010417780526204     
   1600.0000       118.90393302061855        59.639353484655366     
   1700.0000       126.32934728865979        52.210744217297048     
   1800.0000       142.96332255670106        83.854667840455008     
   1900.0000       146.69289558762887        64.780458819088850     
   2000.0000       156.59493184536083        74.516940207374802     
   2100.0000       166.08287686597939        84.400516070001245     
   2200.0000       177.71395806185575        89.657636019389415     
   2300.0000       183.83439045360828        94.132311046641036     
   2400.0000       195.77984877319582        119.91956711682720     
   2500.0000       205.92674830927837        108.16429824294114     
   2600.0000       231.34395157731953        155.37527487752689     
   2700.0000       242.92487245360823        157.46003762265701     
   2800.0000       256.68249722680412        172.42006706283775     
   2900.0000       275.72772802061849        199.23551764158307     
   3000.0000       300.85427554639176        212.95309211291439     
   3100.0000       318.03154278350524        223.24092618163715     
   3200.0000       345.59939491752584        249.40955054704341     
   3300.0000       364.92293471134019        262.03341879874915     
   3400.0000       377.46931357731955        259.50793440057583     
   3500.0000       411.24131914432991        283.48890226780446     
   3600.0000       422.85052848453597        287.64483483162701     
   3700.0000       444.03175896907203        294.64108816460890     
   3800.0000       477.72142082474232        310.23652274894783     
   3900.0000       489.80498309278346        311.10705596247470     
   4000.0000       520.83716298969080        314.40687477283467     
   4100.0000       539.57145340206193        311.45421049608831     
   4200.0000       550.56043257731960        309.55138587644092     
   4300.0000       572.32422742268034        314.58342438874320     
   4400.0000       603.77155175257735        312.14137836468871     
   4500.0000       629.45338752577322        311.31684812597581     
   4600.0000       641.15733958762883        306.53510975747196     
   4700.0000       661.70618618556693        306.73357701822539     
   4800.0000       683.17336804123704        304.34237902161658     
   4900.0000       718.73969113402040        304.37484931319995     
   5000.0000       752.25515484536061        297.05045401281478     
   5100.0000       778.90893484536082        288.38972510060927     
   5200.0000       791.46288670103070        283.88510691488636     
   5300.0000       823.26391783505142        269.64383395079426     
   5400.0000       832.72697618556708        261.04188284149564     
   5500.0000       834.45034381443293        258.27636513121962     
   5600.0000       861.96202752577301        245.24754223321762     
   5700.0000       873.99209618556699        236.96783193103064     
   5800.0000       886.02508608247410        227.75943165223973     
   5900.0000       901.50962216494838        217.74220221690192     
   6000.0000       908.89690721649481        208.40468392403540     
   6100.0000       939.83762886597935        180.65065613132390     
   6200.0000       957.87886597938143        153.38308994977274     
   6300.0000       961.32216494845363        140.66362394556188     
   6400.0000       961.32216494845363        140.66362394556188     
   6500.0000       961.32216494845363        140.66362394556188     
   6600.0000       966.47680412371130        132.59376220767084     
   6700.0000       971.64175257731961        123.74603454656844     
   6800.0000       976.79639175257728        114.02431424726065     
   6900.0000       982.81786948453600        97.166429201074010     
   7000.0000       987.97250865979379        83.752972706466309     
   7100.0000       981.09965649484536        106.69535790265611     
   7200.0000       987.97250865979379        83.752972706466309     
   7300.0000       989.69072164948454        71.051797691187062     
   7400.0000       989.69072164948454        71.051797691187062     
   7500.0000       994.84536082474222        50.504943150169680     
   7600.0000       994.84536082474222        50.504943150169680     
   7700.0000       994.84536082474222        50.504943150169680     
   7800.0000       994.84536082474222        50.504943150169680     
   7900.0000      1000.00000000000000        0.0000000000000000     
   8000.0000      1000.00000000000000        0.0000000000000000     
   8100.0000      1000.00000000000000        0.0000000000000000     
   8200.0000      1000.00000000000000        0.0000000000000000     
   8300.0000      1000.00000000000000        0.0000000000000000     
   8400.0000      1000.00000000000000        0.0000000000000000     
   8500.0000      1000.00000000000000        0.0000000000000000     
   8600.0000      1000.00000000000000        0.0000000000000000     
   8700.0000      1000.00000000000000        0.0000000000000000     
   8800.0000      1000.00000000000000        0.0000000000000000     
   8900.0000      1000.00000000000000        0.0000000000000000     
   9000.0000      1000.00000000000000        0.0000000000000000     
   9100.0000      1000.00000000000000        0.0000000000000000     
   9200.0000      1000.00000000000000        0.0000000000000000     
   9300.0000      1000.00000000000000        0.0000000000000000     
   9400.0000      1000.00000000000000        0.0000000000000000     
   9500.0000      1000.00000000000000        0.0000000000000000     
   9600.0000      1000.00000000000000        0.0000000000000000     
   9700.0000      1000.00000000000000        0.0000000000000000     
   9800.0000      1000.00000000000000        0.0000000000000000     
   9900.0000      1000.00000000000000        0.0000000000000000     
