   200.00000       2.8406574505050504       0.57161232323831457     
   300.00000       2.7113717868686869       0.69930751609758213     
   400.00000       2.6962285444444438       0.60742553199550176     
   500.00000       2.7473553414141416       0.69796164888149326     
   600.00000       2.7285019313131311       0.68135843400913298     
   700.00000       2.7565948404040403       0.75107750574006360     
   800.00000       2.7798289747474749       0.81958398209254590     
   900.00000       2.8725742191919190       0.79570149379393917     
  1000.00000       2.7087460797979794       0.87196662026476823     
   1100.0000       2.9196040515151509       0.86486275739147045     
   1200.0000       2.8253050525252541       0.78931522706049151     
   1300.0000       2.8907013848484846       0.89857385438020654     
   1400.0000       2.8978369565656559       0.83752747276429707     
   1500.0000       2.9860775858585860        1.0164646911847268     
   1600.0000       2.9202727101010106        1.0106123776436684     
   1700.0000       3.1270016171717181       0.93622233028609547     
   1800.0000       3.1510091616161611        1.1792074182248067     
   1900.0000       3.2084535777777776        1.3752619970563613     
   2000.0000       3.1984312818181810        1.2725557890243826     
   2100.0000       3.2148228252525248        1.1070419485223388     
   2200.0000       3.1432878636363641        1.1951543834810356     
   2300.0000       3.3796697111111116        1.7602882431798672     
   2400.0000       3.4517516494949483        1.1502931807075989     
   2500.0000       3.2018850121212106        1.4375948183676963     
   2600.0000       3.1030784020202034        1.4744171398993782     
   2700.0000       3.3085377555555553        2.0650593421728258     
   2800.0000       3.4052148616161615        1.5110746225455916     
   2900.0000       3.3560004737373732        1.3651604933337631     
   3000.0000       3.0145502636363637        1.2704346845016550     
   3100.0000       3.2497835636363641        1.4201521374066512     
   3200.0000       3.4061447747474745        1.5550746688684185     
   3300.0000       3.4480399151515160        1.4933629050490687     
   3400.0000       3.4164742676767679        1.6063684489019421     
   3500.0000       3.4774771545454546        1.4634924703816907     
   3600.0000       3.5360830505050496        1.8273067613070433     
   3700.0000       3.4256012525252526        1.8109223208070844     
   3800.0000       3.6371693030303027        2.3219121325888983     
   3900.0000       3.4942279989898997        1.5809285221871094     
   4000.0000       3.2580447353535349        1.7536933626639533     
   4100.0000       3.3332852404040407        1.6575545322063778     
   4200.0000       3.3949495010101010        1.6560697892309340     
   4300.0000       3.4659932696969702        2.1299029727836301     
   4400.0000       2.9926647444444447        1.7920417808723601     
   4500.0000       3.2978114434343437        2.1876882822408286     
   4600.0000       3.1841510313131312        1.8854921801596820     
   4700.0000       3.3548821575757577        2.2358976359466696     
   4800.0000       3.0920153898989904        1.8999497097091114     
   4900.0000       2.9947089979797976        1.6994251157493507     
   5000.0000       3.4733766272727267        2.3401109111971556     
   5100.0000       3.0979076494949491        2.2347714207121130     
   5200.0000       3.1188071161616171        2.2516456671179581     
   5300.0000       2.9989898959595962        2.4159029515240324     
   5400.0000       2.8624579121212115        2.4197702609664584     
   5500.0000       2.9425204424242426        2.0623220153138813     
   5600.0000       2.7873737353535355        2.0818790749503315     
   5700.0000       2.8107503626262629        2.2681701642449630     
   5800.0000       3.0693602707070711        2.5008670888024609     
   5900.0000       2.8003366989898990        2.3206194978242451     
   6000.0000       2.7033670101010099        2.3427850679673519     
   6100.0000       2.6386964838383844        2.4228969857458229     
   6200.0000       2.3157287121212127        1.8671120829706589     
   6300.0000       2.3716450242424241        2.1022254991367899     
   6400.0000       2.4100168373737376        2.1306278166733565     
   6500.0000       2.4638047080808079        2.1863635053949282     
   6600.0000       2.5479797959595958        2.6017479567016100     
   6700.0000       2.5042087505050503        2.2354835884151574     
   6800.0000       2.4595959595959598        2.8364353107364630     
   6900.0000       2.2937710484848486        2.7680978734215511     
   7000.0000       2.2011303565656561        2.1740552269763804     
   7100.0000       2.2063973060606061        2.1703888079989411     
   7200.0000       2.1456229000000002        2.5068744865712915     
   7300.0000       2.1744107696969697        2.5058711185728280     
   7400.0000       2.1962962979797980        2.6795684918013651     
   7500.0000       2.1035353545454547        2.2598484717360217     
   7600.0000       2.1434343393939392        2.8591768633344383     
   7700.0000       2.1313131313131315        2.8841766858213105     
   7800.0000       1.8367003333333332        2.3655756674660418     
   7900.0000       1.8728956212121211        2.4903670573125800     
   8000.0000       1.7547138040404038        2.2601225575674944     
   8100.0000       1.6734006717171719        2.3386086543843039     
   8200.0000       1.7917267959595962        2.3818092382631906     
   8300.0000       1.6301346818181817        2.9494874664480242     
   8400.0000       1.8350168363636368        3.1605465369410335     
   8500.0000       1.5449735464646464        2.2430580850974366     
   8600.0000       1.7146464646464650        2.5837294927339634     
   8700.0000       1.5563973080808082        2.1853901039612968     
   8800.0000       1.5292929272727274        2.2848315105532797     
   8900.0000       1.5951178444444443        2.5210675194980436     
   9000.0000       1.4503367000000000        2.2645253546324895     
   9100.0000       1.4191919212121211        2.4769831208099649     
   9200.0000       1.2898989878787879        2.1827373644764041     
   9300.0000       1.2597643111111112        2.0667318514651098     
   9400.0000       1.1700336717171718        2.0394509550536779     
   9500.0000       1.1417508404040404        1.9800086320672154     
   9600.0000       1.0707070707070707        1.8936498095110184     
   9700.0000      0.96127945959595951        1.7380065600576915     
   9800.0000       1.0993265969696970        2.0658246306711829     
   9900.0000      0.95286194848484840        2.1072586177813664     
