   200.00000       2.9535892104166668       0.59685576989602895     
   300.00000       2.7729854333333335       0.67556696651046411     
   400.00000       2.7453827750000008       0.83642747615602286     
   500.00000       2.5608382916666668        1.1185116079490891     
   600.00000       2.4345858156250002        1.2199056799778298     
   700.00000       2.2367559468750002        1.2605769826394668     
   800.00000       2.0645337291666666        1.2215867286046391     
   900.00000       1.9984871000000004        1.2560728859829515     
  1000.00000       1.8529513874999999        1.2702252528830569     
   1100.0000       1.6677662031250005        1.3826279290805936     
   1200.0000       1.6169270822916666        1.3441663070523384     
   1300.0000       1.5179398145833334        1.3591963752088603     
   1400.0000       1.3816550916666666        1.3844503419360339     
   1500.0000       1.3237847208333335        1.3279442836682203     
   1600.0000       1.1831597218750001        1.3077305196851552     
   1700.0000       1.2222222218749998        1.3861953042789239     
   1800.0000       1.1527777802083332        1.3864562070238586     
   1900.0000       1.0800347218749999        1.2740819580729428     
   2000.0000      0.96545138854166668        1.2555530465518214     
   2100.0000      0.94774305520833335        1.3251498422116774     
   2200.0000      0.93628472187500000        1.2990403211317370     
   2300.0000      0.86388888854166668        1.3067901959624211     
   2400.0000      0.89982638854166674        1.3382472268456183     
   2500.0000      0.85243055520833322        1.3260695783240306     
   2600.0000      0.84461805520833322        1.3308146667206091     
   2700.0000      0.82222222187500005        1.3252503835870151     
   2800.0000      0.77187499895833334        1.3023867693057629     
   2900.0000      0.73715277708333338        1.3126862278455451     
   3000.0000      0.72499999999999998        1.3034409588981517     
   3100.0000      0.68541666666666667        1.2630138530734949     
   3200.0000      0.74791666666666667        1.2991968004843950     
   3300.0000      0.70052083333333337        1.2663615612188481     
   3400.0000      0.69010416666666663        1.2597250814427614     
   3500.0000      0.69010416666666663        1.2597250814427614     
   3600.0000      0.63802083333333337        1.2010573638393125     
   3700.0000      0.60677083333333337        1.1601818237454444     
   3800.0000      0.50781250000000000        1.1182978165544351     
   3900.0000      0.46354166666666669        1.0186919504592915     
   4000.0000      0.46354166666666669        1.0135662895261901     
   4100.0000      0.40625000000000000       0.90804420092489624     
   4200.0000      0.41666666666666669       0.94280904158206336     
   4300.0000      0.34375000000000000       0.86395559540599853     
   4400.0000      0.32291666666666669       0.83534912445170029     
   4500.0000      0.26041666666666669       0.68075925239560442     
   4600.0000      0.20833333333333334       0.69096349799070833     
   4700.0000      0.18229166666666666       0.62132164101793708     
   4800.0000      0.17708333333333334       0.61228383373689976     
   4900.0000      0.16666666666666666       0.60667582410670984     
   5000.0000      0.12500000000000000       0.52539667553827052     
   5100.0000      0.15625000000000000       0.54635391841430647     
   5200.0000      0.15625000000000000       0.54635391841430647     
   5300.0000      0.16666666666666666       0.55277079839256660     
   5400.0000      0.12500000000000000       0.50518148554092257     
   5500.0000      0.12500000000000000       0.50518148554092257     
   5600.0000      0.12500000000000000       0.50518148554092257     
   5700.0000      0.11458333333333333       0.49727992759500045     
   5800.0000      0.10416666666666667       0.48902894142939590     
   5900.0000      0.10416666666666667       0.48902894142939590     
   6000.0000      0.10416666666666667       0.48902894142939590     
   6100.0000      0.11458333333333333       0.49727992759500045     
   6200.0000      0.10416666666666667       0.48902894142939590     
   6300.0000      7.29166666666666713E-002  0.38850117081190655     
   6400.0000      5.20833333333333356E-002  0.33447071579171506     
   6500.0000      4.16666666666666644E-002  0.32004773949452536     
   6600.0000      4.16666666666666644E-002  0.32004773949452536     
   6700.0000      1.04166666666666661E-002  0.10152910775842670     
   6800.0000      1.04166666666666661E-002  0.10152910775842670     
   6900.0000      2.08333333333333322E-002  0.14282613750835510     
   7000.0000      2.08333333333333322E-002  0.14282613750835510     
   7100.0000      2.08333333333333322E-002  0.14282613750835510     
   7200.0000      2.08333333333333322E-002  0.14282613750835510     
   7300.0000      2.08333333333333322E-002  0.14282613750835510     
   7400.0000      2.08333333333333322E-002  0.14282613750835510     
   7500.0000      1.04166666666666661E-002  0.10152910775842670     
   7600.0000       0.0000000000000000        0.0000000000000000     
   7700.0000      1.04166666666666661E-002  0.10152910775842670     
   7800.0000       0.0000000000000000        0.0000000000000000     
   7900.0000       0.0000000000000000        0.0000000000000000     
   8000.0000       0.0000000000000000        0.0000000000000000     
   8100.0000       0.0000000000000000        0.0000000000000000     
   8200.0000       0.0000000000000000        0.0000000000000000     
   8300.0000       0.0000000000000000        0.0000000000000000     
   8400.0000       0.0000000000000000        0.0000000000000000     
   8500.0000       0.0000000000000000        0.0000000000000000     
   8600.0000       0.0000000000000000        0.0000000000000000     
   8700.0000       0.0000000000000000        0.0000000000000000     
   8800.0000       0.0000000000000000        0.0000000000000000     
   8900.0000       0.0000000000000000        0.0000000000000000     
   9000.0000       0.0000000000000000        0.0000000000000000     
   9100.0000       0.0000000000000000        0.0000000000000000     
   9200.0000       0.0000000000000000        0.0000000000000000     
   9300.0000       0.0000000000000000        0.0000000000000000     
   9400.0000       0.0000000000000000        0.0000000000000000     
   9500.0000       0.0000000000000000        0.0000000000000000     
   9600.0000       0.0000000000000000        0.0000000000000000     
   9700.0000       0.0000000000000000        0.0000000000000000     
   9800.0000       0.0000000000000000        0.0000000000000000     
   9900.0000       0.0000000000000000        0.0000000000000000     
