   200.00000       1.4506810102298855       0.59000732236126663     
   300.00000       1.2829985674193547       0.36777595233530558     
   400.00000       1.2569336701041667       0.38812548229708632     
   500.00000       1.2285618881250002       0.29495354176290128     
   600.00000       1.2710177864583336       0.30707804789848830     
   700.00000       1.3523041846391755       0.73708113841649592     
   800.00000       1.3050979515463919       0.23872364325258588     
   900.00000       1.3125997583333331       0.19236155598900481     
  1000.00000       1.3403113895833334       0.17981735989406425     
   1100.0000       1.3622446291666668       0.16655723386802962     
   1200.0000       1.4105954010416664       0.18951495778779634     
   1300.0000       1.4373292824742272       0.20848608556637041     
   1400.0000       1.4388064082474226       0.19545648340790844     
   1500.0000       1.4818592247422675       0.18855595323083080     
   1600.0000       1.5429361793814433       0.31968383569362163     
   1700.0000       1.5694545278350518       0.24514701799725686     
   1800.0000       1.6476382463917529       0.43712942474401473     
   1900.0000       1.6413441752577318       0.28938119606734353     
   2000.0000       1.6719941092783506       0.34466818379455660     
   2100.0000       1.6893525427083340       0.33030558785719955     
   2200.0000       1.7494333195876290       0.33507126001824816     
   2300.0000       1.7341040525773197       0.32903853739343247     
   2400.0000       1.7986608453608244       0.51769802794592434     
   2500.0000       1.8352389917525775       0.41363573116551205     
   2600.0000       1.9337068701030937       0.55155268109985711     
   2700.0000       1.9615611989690722       0.50073742386767239     
   2800.0000       1.9843394927835047       0.51339546383114032     
   2900.0000       2.0399395144329890       0.60467189395001875     
   3000.0000       2.1345206164948465       0.64904370015204227     
   3100.0000       2.1478653711340203       0.60545895659042503     
   3200.0000       2.2073756360824746       0.68214051885605298     
   3300.0000       2.2344857164948446       0.70017730872018846     
   3400.0000       2.2456421237113395       0.61736604338369327     
   3500.0000       2.3790852340206179       0.83130812360719708     
   3600.0000       2.3576027030927831       0.73220857763915248     
   3700.0000       2.3996604618556692       0.72000395832215136     
   3800.0000       2.4915776752577323       0.78404622729476248     
   3900.0000       2.4947791226804124       0.71958355390195794     
   4000.0000       2.5628294453608249       0.68739239381164108     
   4100.0000       2.5816706618556693       0.65026990152894615     
   4200.0000       2.5991098072164958       0.63766443749529023     
   4300.0000       2.6539136556701033       0.69837081947945223     
   4400.0000       2.7346737144329900       0.69633979848002892     
   4500.0000       2.7626738639175255       0.64481648056761354     
   4600.0000       2.7370744886597946       0.55505361858549374     
   4700.0000       2.7830743804123710       0.65350486689617571     
   4800.0000       2.8250899164948464       0.60587740287119218     
   4900.0000       2.9341121206185572       0.67530817858238412     
   5000.0000       3.0075172123711331       0.65224567824669177     
   5100.0000       3.0466565474226805       0.65050387206169524     
   5200.0000       3.0278186824742273       0.58555180950316921     
   5300.0000       3.1225548814432980       0.61530322739740528     
   5400.0000       3.0982368628865968       0.51374837882493463     
   5500.0000       3.0440633237113408       0.44256284728698370     
   5600.0000       3.1222954154639178       0.51269514642669445     
   5700.0000       3.1348183814432988       0.48899845961289323     
   5800.0000       3.1457275855670095       0.49561437310361467     
   5900.0000       3.1564772762886593       0.45041747247718433     
   6000.0000       3.1554641103092789       0.39118937865421372     
   6100.0000       3.2560850556701033       0.49750058792536633     
   6200.0000       3.2770481587628870       0.40655436320107868     
   6300.0000       3.2381896371134027       0.26984873951317662     
   6400.0000       3.1947507020618566       0.21213305345761105     
   6500.0000       3.1818468268041262       0.21177043572729662     
   6600.0000       3.1995263309278359       0.22944448419251423     
   6700.0000       3.2159203000000014       0.25155944044459616     
   6800.0000       3.2280715721649469       0.25749083623552360     
   6900.0000       3.2439390927835068       0.18937770706224194     
   7000.0000       3.2406537226804115       0.17435234881550574     
   7100.0000       3.2141955123711341       0.19818478540204928     
   7200.0000       3.2186906041237116       0.12049322104915752     
   7300.0000       3.2316439536082475       7.21325704543241963E-002
   7400.0000       3.2253933247422681       9.13741128400946123E-002
   7500.0000       3.2434282824742269       0.13485393893379938     
   7600.0000       3.2402093917525772       8.97738968555271133E-002
   7700.0000       3.2322527505154639       6.65799309100015835E-002
   7800.0000       3.2308479969072175       6.95317241992599311E-002
   7900.0000       3.2536293041237094       0.15369950797748938     
   8000.0000       3.2489417525773199       0.10229302205501356     
   8100.0000       3.2424159453608250       3.54922914798950356E-002
   8200.0000       3.2353590257731946       1.25955332200231047E-002
   8300.0000       3.2399350989690738       1.36674310858880196E-002
   8400.0000       3.2390711288659775       1.33584194253029680E-002
   8500.0000       3.2394720226804128       1.23683068384428437E-002
   8600.0000       3.2376719649484529       1.18168913670774148E-002
   8700.0000       3.2369557577319563       1.16580165365525196E-002
   8800.0000       3.2397424206185566       1.25403170223959259E-002
   8900.0000       3.2373120402061852       1.24173007774775468E-002
   9000.0000       3.2353453979381430       1.24456780420752512E-002
   9100.0000       3.2378749680412362       1.18228880733918535E-002
   9200.0000       3.2380318639175258       1.28084791834866835E-002
   9300.0000       3.2356350659793813       1.35235884342249247E-002
   9400.0000       3.2361210577319586       1.23146021032231982E-002
   9500.0000       3.2364899814432992       1.36836951541395527E-002
   9600.0000       3.2366834134020626       1.30102091937539625E-002
   9700.0000       3.2386805072164950       1.26335267363369454E-002
   9800.0000       3.2382132752577326       1.41218189788343777E-002
   9900.0000       3.2383185123711349       1.27597309281625871E-002
