   200.00000       2.7933730018181824        1.4188768414275774     
   300.00000       2.4476181924242408        1.1082384045677323     
   400.00000       2.4313394266666677        1.4534208163158200     
   500.00000       2.3687756988636366       0.91548222705068871     
   600.00000       2.0964915780821922       0.75880162560486486     
   700.00000       2.1437080783132529        1.0362023655106145     
   800.00000       2.1888502951219513       0.97194463914986062     
   900.00000       2.0571279551724131       0.73018459111631506     
  1000.00000       2.2273760809523813        1.1227297067394635     
   1100.0000       2.2201079451219505       0.98351556068377466     
   1200.0000       2.0371337188888878       0.73501649163342486     
   1300.0000       2.0729716438202259       0.85906625804456827     
   1400.0000       2.1469384261363640        1.2744180404423640     
   1500.0000       2.1999808663157898        1.2962634899007621     
   1600.0000       2.0427989357894734       0.87689555465957181     
   1700.0000       2.1380208348314604        1.2056305738115258     
   1800.0000       2.0057061431818184       0.55700203850678132     
   1900.0000       2.1772882965909086        1.1759503666099900     
   2000.0000       2.1679123637362632       0.97905059360433910     
   2100.0000       2.0235529673684196       0.57621359129007343     
   2200.0000       2.2209431484536091        1.8863571890561051     
   2300.0000       2.1007224241758249       0.69632243375821889     
   2400.0000       2.0615972423913047       0.58416697191708511     
   2500.0000       2.2804713894736843        1.9479574069712331     
   2600.0000       2.0400412625000000       0.35805475499512485     
   2700.0000       2.1755084835164844       0.88820706936017613     
   2800.0000       2.0953415804347828       0.53571277534855277     
   2900.0000       2.3907415478260874        1.6192071809880419     
   3000.0000       2.0724081789473687       0.61519602201387735     
   3100.0000       2.2520157728260872        1.0431274799460799     
   3200.0000       2.1618497302083335       0.72689559790321256     
   3300.0000       2.4579650688888881        1.9436309804241925     
   3400.0000       2.3185287655555546        1.5298134168805406     
   3500.0000       2.1623244867346938       0.60093776610542260     
   3600.0000       2.3666413872340439        1.4560151252696387     
   3700.0000       2.1030308863157905       0.74889422351766888     
   3800.0000       2.0941503329787232       0.46637874107218924     
   3900.0000       2.2472072958333329        1.0627497024595989     
   4000.0000       2.1899733250000004       0.41289274200017556     
   4100.0000       2.2749577437499995       0.74986169026002492     
   4200.0000       2.2206757406249999       0.56931462686923828     
   4300.0000       2.3391700958762889       0.65136824285271377     
   4400.0000       2.5279960729166668        1.3570825379485767     
   4500.0000       2.3524999197916654       0.83812785653846822     
   4600.0000       2.3829882430107525       0.73309698952434166     
   4700.0000       2.5039654936170219        1.0122962168340159     
   4800.0000       2.5787342863157896        1.4870300666090528     
   4900.0000       2.4394718968421056       0.92703472467951198     
   5000.0000       2.4148099135416663       0.79086093438227423     
   5100.0000       2.3522831670103090       0.62214254921633516     
   5200.0000       2.4680690309278344       0.85897020933354984     
   5300.0000       2.6436122010416669        1.1768923709800396     
   5400.0000       2.6383819354166680        1.5830406134566937     
   5500.0000       2.4338862364583336       0.76075084156406081     
   5600.0000       2.6070436020408168        1.0468457289809918     
   5700.0000       2.7035746919191919        1.4926522052498548     
   5800.0000       2.6307706377551021       0.93468876091583708     
   5900.0000       2.6664032717171717        1.0024200065314066     
   6000.0000       2.7216541777777778        1.0851397753946275     
   6100.0000       2.6248055257731959       0.80078514498741138     
   6200.0000       2.7693818691489365        1.2907795814172416     
   6300.0000       2.6329959316326530       0.87631297192633717     
   6400.0000       2.6186448520408159       0.89380862469209443     
   6500.0000       2.7069572323232327        1.0297911531588313     
   6600.0000       2.8332710306122442        1.2967613151716888     
   6700.0000       2.6744171979591838       0.92434942323545777     
   6800.0000       2.7212106530612239        1.0370542583241675     
   6900.0000       2.7750129072164960        1.0363643742327775     
   7000.0000       2.8166480714285718       0.92981659160129737     
   7100.0000       2.7773087484536094        1.0066538485918131     
   7200.0000       2.7721278171717167        1.0411628040223184     
   7300.0000       2.7697391346938769       0.84855587185929437     
   7400.0000       2.8878478391752580       0.95629224061024376     
   7500.0000       3.0054923434343439        1.6910303328879728     
   7600.0000       2.9972949329896910       0.97506701100706406     
   7700.0000       3.0253035249999995       0.98762904322148626     
   7800.0000       2.8363757583333347       0.85555838068740908     
   7900.0000       3.0888530091836741        1.7042828779350527     
   8000.0000       2.8667265777777780       0.83276734640315730     
   8100.0000       2.9050235929292927       0.87214105346147808     
   8200.0000       3.1820421153061220        1.8686107476562615     
   8300.0000       3.1731864453608245        1.0469782528840916     
   8400.0000       3.1364359448979595        1.3463649969235185     
   8500.0000       3.0834276453608265        1.0088750776357642     
   8600.0000       3.0430871434343438       0.88541866643672318     
   8700.0000       2.9571120111111098       0.73367886079319844     
   8800.0000       3.0044064676767683       0.77769401126853333     
   8900.0000       3.1013606408163281       0.85153275855530630     
   9000.0000       3.1947833397959182        1.0308890609240053     
   9100.0000       3.0675526757575771       0.96905681681581290     
   9200.0000       3.1431129673469398        1.0502550673060373     
   9300.0000       2.9924067090909094       0.82058744508855208     
   9400.0000       3.0688213979591850       0.87679505030068960     
   9500.0000       3.0116438323232324       0.92094957079532902     
   9600.0000       2.9551494111111110       0.69159791947856730     
   9700.0000       3.1668594479591845       0.84712007376119536     
   9800.0000       3.0830064333333338       0.70807417138141848     
   9900.0000       3.1665659404040407       0.91931415793299232     
