   200.00000       1.5824648729411772       0.45212518056489936     
   300.00000       1.5223711885057474       0.50356905925904860     
   400.00000       1.5167934727272725       0.63286834067143372     
   500.00000       1.6041461362637373        1.4247586380370543     
   600.00000       1.4838788173913044       0.51717605097294361     
   700.00000       1.4677390478260870       0.23877136115920305     
   800.00000       1.5533355645161291       0.48102832840422272     
   900.00000       1.5310581606382980       0.23008604762715151     
  1000.00000       1.5324511127659575       0.20670240904407852     
   1100.0000       1.6344391452631577       0.34801236341366903     
   1200.0000       1.6368896064516127       0.24722294987046128     
   1300.0000       1.6745219457446814       0.35706211827637785     
   1400.0000       1.7105057755319146       0.29637540609937346     
   1500.0000       1.7201305287234043       0.26816741905629465     
   1600.0000       1.7420425946808511       0.25128657622068673     
   1700.0000       1.7820110021276594       0.31998772029710676     
   1800.0000       1.8260046315789480       0.32819844046864804     
   1900.0000       1.8128338915789464       0.32183371978830549     
   2000.0000       1.8386851000000000       0.30066433891462396     
   2100.0000       1.8839570694736831       0.35821137831704830     
   2200.0000       1.9753567157894736       0.47144957994250186     
   2300.0000       1.9955617884210519       0.48757230673753954     
   2400.0000       2.0563851936842106       0.89333663195043345     
   2500.0000       2.0150947157894730       0.46773359794161812     
   2600.0000       2.0586144521276610       0.56552205234159969     
   2700.0000       2.1247644494736839       0.56492969602301590     
   2800.0000       2.2644828399999999       0.72228891615499791     
   2900.0000       2.3053135273684218       0.66840200028256957     
   3000.0000       2.2898007810526320       0.65051189885225791     
   3100.0000       2.3032284452631582       0.61232468809395779     
   3200.0000       2.3575418399999997       0.72064054865858984     
   3300.0000       2.3676709446808504       0.62424982045934019     
   3400.0000       2.4319586252631580       0.83486345164318398     
   3500.0000       2.4325054863157893       0.73239209472156463     
   3600.0000       2.4974596063829795       0.77461330231968439     
   3700.0000       2.5354584168421042       0.69052899474186802     
   3800.0000       2.6002659336842098       0.69943742494591821     
   3900.0000       2.6555219431578938       0.73133065870075498     
   4000.0000       2.6510571936842098       0.79670873503007489     
   4100.0000       2.6700005589473679       0.68332115255814285     
   4200.0000       2.7145253178947364       0.68584272047559203     
   4300.0000       2.7286887442105274       0.70212747376429618     
   4400.0000       2.7388058599999998       0.74408415479665435     
   4500.0000       2.7980260947368416       0.77772777331100496     
   4600.0000       2.8075844526315796       0.75897344173879866     
   4700.0000       2.8369502084210541       0.75147267022546305     
   4800.0000       2.8134986663157893       0.62396852024603822     
   4900.0000       2.9805301105263156       0.75737707429714807     
   5000.0000       3.0941584031578953       0.84596886749054334     
   5100.0000       3.0059382599999993       0.70934467152424463     
   5200.0000       3.1016062284210522       0.81015849901044346     
   5300.0000       3.1140289978947373        1.2158974410490244     
   5400.0000       3.0240803778947378       0.62753066930284396     
   5500.0000       3.0919698894736851       0.67582807324666849     
   5600.0000       3.0635210126315804       0.62726291486327135     
   5700.0000       3.0902737821052630       0.59901157674054373     
   5800.0000       3.1700074052631582       0.60249327625906690     
   5900.0000       3.1699368094736839       0.59249939047746858     
   6000.0000       3.1316157252631576       0.56320204541935992     
   6100.0000       3.1683453863157891       0.54769434756149438     
   6200.0000       3.2108055684210526       0.58652914493760555     
   6300.0000       3.2698128421052632       0.60949755203150424     
   6400.0000       3.2024996294736834       0.52838765508304053     
   6500.0000       3.2038844557894741       0.43578535538318885     
   6600.0000       3.2526411831578943       0.57375142931370438     
   6700.0000       3.1913874705263172       0.38204300656558304     
   6800.0000       3.1835914631578950       0.32142730314144974     
   6900.0000       3.1965786610526332       0.38094035626759953     
   7000.0000       3.1970231252631569       0.36057651321235762     
   7100.0000       3.2082750189473677       0.33394592034156229     
   7200.0000       3.2500983989473680       0.33827019231570477     
   7300.0000       3.2463772610526322       0.36249210595864867     
   7400.0000       3.2025700442105256       0.25508136614183885     
   7500.0000       3.2466295757894739       0.30415513442528275     
   7600.0000       3.2457387715789472       0.26081159743967097     
   7700.0000       3.2297844200000005       0.22476395566089877     
   7800.0000       3.2137577400000006       0.22003871000088218     
   7900.0000       3.2690405294736844       0.29230997589637941     
   8000.0000       3.2735393494736829       0.24406622436940059     
   8100.0000       3.2480092715789470       0.22158842011147992     
   8200.0000       3.3042398715789489       0.35463130508086321     
   8300.0000       3.2881489063157883       0.28803944366790135     
   8400.0000       3.2866193031578961       0.30390554244434903     
   8500.0000       3.3212788568421048       0.24403859337557993     
   8600.0000       3.3033625968421054       0.15951530034480763     
   8700.0000       3.2709679800000009       0.13855838126490949     
   8800.0000       3.2704016021052644       1.52986201676751261E-002
   8900.0000       3.2711992294736838       1.68000075838984041E-002
   9000.0000       3.2708340989473697       1.27840250800514716E-002
   9100.0000       3.2710880863157894       1.55058101718653831E-002
   9200.0000       3.2691632568421047       1.45204373382299672E-002
   9300.0000       3.2700134768421036       1.44645092913176197E-002
   9400.0000       3.2703725684210530       1.52456263436403523E-002
   9500.0000       3.2702092968421059       1.49604362291429951E-002
   9600.0000       3.2686436357894744       1.60844852066657218E-002
   9700.0000       3.2707959357894731       1.58768798032195881E-002
   9800.0000       3.2716137042105253       1.63008412897401728E-002
   9900.0000       3.2689602442105268       1.46496237864857451E-002
