   200.00000       7.8916165282608688        1.4963612326754481     
   300.00000       8.0111988258064564        1.2318557921645548     
   400.00000       8.5407827084210517        1.4170679141074571     
   500.00000       8.7150241021276607        1.2766131228500148     
   600.00000       8.9259366357894745        1.1101057365963072     
   700.00000       9.0397776191489374        1.0558861469871175     
   800.00000       9.3567605684210591        1.5217196178012509     
   900.00000       9.5871385442105286        1.3287823627166517     
  1000.00000       9.9305374589473683        1.5514039564814253     
   1100.0000       10.221376454736841        1.5748919638585890     
   1200.0000       10.194774127659572        1.7206371571011740     
   1300.0000       10.484165411578948        1.9092515460302617     
   1400.0000       10.763208418947372        1.8618794660701099     
   1500.0000       10.662537903157888        1.9709359376925610     
   1600.0000       10.984994577894739        2.1625348162153575     
   1700.0000       11.115804927368419        2.4772590725225405     
   1800.0000       11.240733116842110        2.8256963763396636     
   1900.0000       10.777180922105263        3.2688077464230747     
   2000.0000       10.998942209473693        3.2641423488925150     
   2100.0000       11.220388345263162        3.4209004742348643     
   2200.0000       11.255856138947372        3.6003966673074350     
   2300.0000       11.458137541052634        3.9903234451808420     
   2400.0000       10.914487835789474        3.7874977583090841     
   2500.0000       11.197460494736843        4.0599561718387029     
   2600.0000       10.686274063157896        4.5264795438429895     
   2700.0000       10.675351560000003        5.2266013589358664     
   2800.0000       10.992113622105265        5.4775738473238196     
   2900.0000       10.706552612631576        5.8107507278960808     
   3000.0000       10.426657497894734        6.1272357779941080     
   3100.0000       10.481848516842103        6.0402308797220252     
   3200.0000       10.530597790526318        5.9675509993009159     
   3300.0000       10.678281190526317        6.3174374757260514     
   3400.0000       10.085451009473681        6.1897329533604921     
   3500.0000       9.7902278789473645        6.4441775166053139     
   3600.0000       9.9360112106383003        6.4468774476536241     
   3700.0000       9.3566203747368437        6.9006878401164933     
   3800.0000       9.0779718642105269        7.1696411727427796     
   3900.0000       8.7184708999999998        7.1125764323599627     
   4000.0000       7.9323018031578956        7.1550596420178989     
   4100.0000       8.1558948705263177        7.0535771178681843     
   4200.0000       8.1133128947368416        7.0827471700733460     
   4300.0000       7.4512342652631558        7.1851940551117277     
   4400.0000       7.2905813210526320        7.0328448239968582     
   4500.0000       6.4633908652631602        7.0474852417777569     
   4600.0000       5.9147836705263153        6.9335635428440376     
   4700.0000       5.2955437484210517        6.7387116058277092     
   4800.0000       4.8703529157894749        6.5805533573349857     
   4900.0000       4.9465498410526312        6.7371726065911135     
   5000.0000       4.7300267947368413        6.5530046361718455     
   5100.0000       4.3546204621052631        6.2832051545801972     
   5200.0000       3.8873629726315793        6.0263387256699481     
   5300.0000       3.6798155273684205        5.9754838674748809     
   5400.0000       3.4688283557894732        5.9403831035767620     
   5500.0000       3.2593747178947363        5.7716523494445511     
   5600.0000       2.9407554821052635        5.4958552857119800     
   5700.0000       2.7322672589473687        5.4875851347951974     
   5800.0000       2.2113478863157892        5.2335191884158219     
   5900.0000       2.4174297315789475        5.1325073073014744     
   6000.0000       1.9595377884210530        4.8369088983740101     
   6100.0000       1.9161218168421053        4.7058357348226618     
   6200.0000       1.6712643894736838        4.4917076235179270     
   6300.0000       1.8617136473684208        4.5952607913000865     
   6400.0000       1.6105727799999996        4.2940549413251334     
   6500.0000       1.3547242010526317        4.0155055362832144     
   6600.0000       1.3112822126315791        3.9041441672128618     
   6700.0000       1.0186054621052629        3.4170278334962889     
   6800.0000       1.2091694168421052        3.8228688887978470     
   6900.0000       1.1381785589473685        3.5926361926024728     
   7000.0000      0.54417841578947368        2.6595163350575803     
   7100.0000      0.78116712631578955        3.0518903437517277     
   7200.0000      0.86667172947368420        3.1089820061445250     
   7300.0000      0.48223777684210528        2.3307036482581438     
   7400.0000      0.45334987263157894        2.1781919846668014     
   7500.0000      0.50490199473684205        2.4479590061757230     
   7600.0000      0.64175431263157889        2.7482626616261205     
   7700.0000      0.37785960000000002        2.1034173699323246     
   7800.0000      0.24361057894736840        1.6714249253426758     
   7900.0000      0.22912180631578946        1.5718897317668827     
   8000.0000      0.24157231578947369        1.6473104928766404     
   8100.0000      0.22664522105263160        1.5455539012819501     
   8200.0000       0.0000000000000000        0.0000000000000000     
   8300.0000       0.0000000000000000        0.0000000000000000     
   8400.0000       0.0000000000000000        0.0000000000000000     
   8500.0000       0.0000000000000000        0.0000000000000000     
   8600.0000       0.0000000000000000        0.0000000000000000     
   8700.0000       0.0000000000000000        0.0000000000000000     
   8800.0000       0.0000000000000000        0.0000000000000000     
   8900.0000       0.0000000000000000        0.0000000000000000     
   9000.0000       0.0000000000000000        0.0000000000000000     
   9100.0000      0.36472224210526311        3.5361133332108117     
   9200.0000       0.0000000000000000        0.0000000000000000     
   9300.0000       0.0000000000000000        0.0000000000000000     
   9400.0000       0.0000000000000000        0.0000000000000000     
   9500.0000       0.0000000000000000        0.0000000000000000     
   9600.0000       0.0000000000000000        0.0000000000000000     
   9700.0000       0.0000000000000000        0.0000000000000000     
   9800.0000       0.0000000000000000        0.0000000000000000     
   9900.0000       0.0000000000000000        0.0000000000000000     
