   200.00000       8.7274725558139536        2.0753988792108107     
   300.00000       8.8515112126436790        2.1647346466782182     
   400.00000       8.9598402329545461        2.4188339648073556     
   500.00000       9.2861857247311814        2.3052446376280753     
   600.00000       9.2891650477777787        1.5364871959498443     
   700.00000       9.6269444064516136        1.8698984993459942     
   800.00000       9.5283977472527468        2.0646748048912467     
   900.00000       9.8281831734042573        1.4645816002454444     
  1000.00000       10.037580349462369        1.8846387195346666     
   1100.0000       10.277046593548381        1.8954408194995458     
   1200.0000       10.230555927368425        1.9620493262194461     
   1300.0000       10.412375928723407        1.8536457007246696     
   1400.0000       10.610723041935483        2.3843260255558567     
   1500.0000       10.461961472916666        2.3894696112864828     
   1600.0000       10.487078506122446        2.3601171983375919     
   1700.0000       10.958515901030925        2.6809291126536978     
   1800.0000       10.872969144791673        1.7460001345083369     
   1900.0000       11.455781343617019        2.5221749802001385     
   2000.0000       11.286355903157895        2.4069328826581504     
   2100.0000       11.043561440816330        1.9610192837419989     
   2200.0000       11.568359672448985        2.9944523924827950     
   2300.0000       11.419856341489368        2.1412370875933204     
   2400.0000       11.431208211224490        2.2882053956618216     
   2500.0000       11.664207083505156        3.0034516158332139     
   2600.0000       11.305864616666661        2.9160430558654089     
   2700.0000       11.767694718749999        3.1346889451060433     
   2800.0000       11.849772651578951        2.4092429447170098     
   2900.0000       11.842790191752584        2.1659907640374727     
   3000.0000       11.784497524999999        2.4161196924102830     
   3100.0000       11.928235971875004        2.5485649755256481     
   3200.0000       12.514329307216498        2.8820710936310441     
   3300.0000       12.378548789361696        3.3519779151899201     
   3400.0000       12.308079595789478        3.2450170823902140     
   3500.0000       12.475453713265299        3.0118406602293208     
   3600.0000       13.000808367346945        4.1275219677498498     
   3700.0000       12.266766696938777        3.6857695402283310     
   3800.0000       12.181222233684208        4.0434761682379365     
   3900.0000       12.743293409374997        4.6062472092390880     
   4000.0000       12.039726407526883        3.8843040408512004     
   4100.0000       12.611351245360824        4.5909225994627914     
   4200.0000       11.993616108247425        3.8388369320939462     
   4300.0000       12.641000369696970        4.0630062332223940     
   4400.0000       12.156577553061222        4.5733034514286794     
   4500.0000       12.158242948453609        5.4139605877111743     
   4600.0000       12.371622570103096        4.7262651295127585     
   4700.0000       12.799958045263159        4.7302695237866912     
   4800.0000       11.959942583673470        4.6525605553962155     
   4900.0000       11.856072010204080        4.7378731683921265     
   5000.0000       12.406539988775517        4.4789507143339664     
   5100.0000       11.918631682828279        4.9379232764502472     
   5200.0000       11.869847108163263        5.8030754737706678     
   5300.0000       11.463331629591837        5.9846926850692217     
   5400.0000       11.098714462886596        5.8962856607453142     
   5500.0000       11.427690747422684        5.5994800866043377     
   5600.0000       10.987794296969696        5.3872942892547542     
   5700.0000       10.938253242424244        6.6805402578950872     
   5800.0000       10.748042492929290        6.1607821778276222     
   5900.0000       10.299359126262628        5.9655382938725099     
   6000.0000       9.8221574444444446        6.7822496581357905     
   6100.0000       9.9048471838383847        6.7300196469419644     
   6200.0000       9.9955124132653079        7.4834061650279047     
   6300.0000       9.7779218948979612        6.5082843341427044     
   6400.0000       9.1655864515151553        6.6632847782199551     
   6500.0000       9.5663489323232369        6.2528607894198442     
   6600.0000       9.2031426272727295        6.6788420543271769     
   6700.0000       9.0212096571428582        6.3679897061923292     
   6800.0000       8.6177235091836728        7.1919890250513161     
   6900.0000       8.8992693275510195        7.2951864474597983     
   7000.0000       8.8620328494949483        6.8850693906775380     
   7100.0000       8.8171405546391792        6.6882534827475562     
   7200.0000       8.4809797161616132        7.0249799562743025     
   7300.0000       8.6953640242424246        7.2622935534214825     
   7400.0000       8.8189736303030344        8.3112826636729000     
   7500.0000       8.2635576919191944        7.4358810637174777     
   7600.0000       7.4090201510204077        7.6090899954013844     
   7700.0000       7.8149216783505153        8.1437759439187882     
   7800.0000       7.4421735536082467        7.5258572603234049     
   7900.0000       7.6419035153061197        7.5211601393206395     
   8000.0000       6.6842044111111125        6.8797565623211652     
   8100.0000       6.3861116646464673        7.3246638813968419     
   8200.0000       6.9553014387755097        7.4935711505926834     
   8300.0000       6.2682022489795912        7.7951406211108676     
   8400.0000       7.2616186252525257        9.0567125013260874     
   8500.0000       6.2290101685858570        6.9061392932837311     
   8600.0000       7.2110988747474742        7.8012151905626412     
   8700.0000       6.6927720000000015        7.7136017815285234     
   8800.0000       6.1436704878787891        7.3223923842871086     
   8900.0000       6.1075399777777779        8.2437211275321882     
   9000.0000       6.0000836877551018        7.7060740288985654     
   9100.0000       5.2780045585858595        7.1468650358536356     
   9200.0000       5.4518409806122454        7.8737989403025814     
   9300.0000       5.0455792313131314        6.3441134279689155     
   9400.0000       4.7071186122448969        6.4225179286823257     
   9500.0000       4.5440077111111101        6.2806426209380399     
   9600.0000       4.2993722373737384        7.4229509311582831     
   9700.0000       4.2892409363636368        6.8858151623000845     
   9800.0000       4.3812550313131302        6.8264878791206405     
   9900.0000       4.2121982707070700        8.3744107874408353     
