   200.00000       7.4717836533333335        1.5186976816741735     
   300.00000       7.6385313086021460        1.3018338028671088     
   400.00000       8.1933977378947382        1.6135701789482191     
   500.00000       8.2275651273684236        2.4363016815887417     
   600.00000       8.2823419305263197        2.2672371196886831     
   700.00000       7.8913058715789459        2.6305844003902186     
   800.00000       7.6574384568421054        2.9395878486210325     
   900.00000       7.5037641073684211        3.2300880670107066     
  1000.00000       7.3039760354166665        3.4730289240396024     
   1100.0000       6.6771441458333314        4.1550042347157596     
   1200.0000       6.8107792583333335        4.2860448492756307     
   1300.0000       6.5430385802083331        4.4701849457242195     
   1400.0000       6.1921149781249980        4.7068518034133628     
   1500.0000       6.2600033583333330        4.6607676372596050     
   1600.0000       5.8696116031250005        4.8315314496492157     
   1700.0000       6.0089424427083351        5.0580100906659720     
   1800.0000       5.7211213322916663        5.0498792973912616     
   1900.0000       5.5006532333333338        5.0459923004523528     
   2000.0000       4.9116921614583342        5.1287284302401845     
   2100.0000       4.7165704802083326        5.1296895201951651     
   2200.0000       4.5458506114583352        5.1278212301968473     
   2300.0000       4.1855412406250005        5.2856903874077261     
   2400.0000       4.3044219020833330        5.2317188134460793     
   2500.0000       4.0816450802083333        5.2128038578278915     
   2600.0000       3.9513655437500006        5.1551907630110527     
   2700.0000       3.9888596927083331        5.2070357533730469     
   2800.0000       3.7593703156250009        5.2580272614933179     
   2900.0000       3.5328349916666677        5.2487415708568372     
   3000.0000       3.4727103062499993        5.1585216987590066     
   3100.0000       3.4368921645833326        5.1415908785831990     
   3200.0000       3.6174330197916666        5.2232900113796923     
   3300.0000       3.6579128177083327        5.3884213896443187     
   3400.0000       3.6333293677083334        5.3237101253948884     
   3500.0000       3.6797194343750004        5.4078125671657169     
   3600.0000       3.6028687437499998        5.3996111198742174     
   3700.0000       3.3862156114583333        5.1713267924587951     
   3800.0000       2.6795098281249996        4.8691651488585030     
   3900.0000       2.6001591125000001        4.8676132048573155     
   4000.0000       2.4044271656250000        4.5074647066485438     
   4100.0000       2.2259383062499998        4.5009521278740143     
   4200.0000       2.1980952322916667        4.3680531172094694     
   4300.0000       1.9059171885416670        4.1792545172267097     
   4400.0000       1.6622119604166665        3.7739349675573695     
   4500.0000       1.6971926677083333        4.0324091470126051     
   4600.0000       1.0836181458333334        3.4488961227255559     
   4700.0000       1.0517437145833335        3.3306114023805748     
   4800.0000      0.99917215208333332        3.1667292327061651     
   4900.0000      0.85041114166666654        2.8914654088323934     
   5000.0000      0.65125925833333331        2.5864698455316475     
   5100.0000       1.0199447708333333        3.2186270390780387     
   5200.0000      0.97794216979166670        3.0780313285818006     
   5300.0000       1.0541992979166668        3.1487362058205606     
   5400.0000      0.78224756041666665        2.8370863251834644     
   5500.0000      0.79406642083333334        2.8973358545328258     
   5600.0000      0.78794365312500003        2.8580130953039702     
   5700.0000      0.73316494583333336        2.9015168481571889     
   5800.0000      0.58807484166666668        2.5607688300691320     
   5900.0000      0.53093800000000002        2.3359252703047599     
   6000.0000      0.50926159687499994        2.2223646936428629     
   6100.0000      0.62787826250000001        2.4672424389855436     
   6200.0000      0.56606981979166660        2.4625987113629582     
   6300.0000      0.45702634062499997        2.2273770006052462     
   6400.0000      0.31637079374999999        1.8211283079479612     
   6500.0000      0.20739971979166669        1.5003341262389418     
   6600.0000      0.20440283645833335        1.4630223233150477     
   6700.0000      0.17683325000000003        1.7235573210741897     
   6800.0000      0.16720708333333334        1.6297330542453345     
   6900.0000      0.28201245833333333        1.9430886930020446     
   7000.0000      0.25371202083333338        1.7539088712784392     
   7100.0000      0.28278018750000000        1.9442026425118093     
   7200.0000      0.21886483437500001        1.5053901081407588     
   7300.0000      0.24573393749999997        1.7007905109186594     
   7400.0000      0.22305150416666666        1.5519823353233402     
   7500.0000      0.12061272916666667        1.1755874665536419     
   7600.0000       0.0000000000000000        0.0000000000000000     
   7700.0000      0.10302841666666666        1.0041967889212882     
   7800.0000       0.0000000000000000        0.0000000000000000     
   7900.0000       0.0000000000000000        0.0000000000000000     
   8000.0000       0.0000000000000000        0.0000000000000000     
   8100.0000       0.0000000000000000        0.0000000000000000     
   8200.0000       0.0000000000000000        0.0000000000000000     
   8300.0000       0.0000000000000000        0.0000000000000000     
   8400.0000       0.0000000000000000        0.0000000000000000     
   8500.0000       0.0000000000000000        0.0000000000000000     
   8600.0000       0.0000000000000000        0.0000000000000000     
   8700.0000       0.0000000000000000        0.0000000000000000     
   8800.0000       0.0000000000000000        0.0000000000000000     
   8900.0000       0.0000000000000000        0.0000000000000000     
   9000.0000       0.0000000000000000        0.0000000000000000     
   9100.0000       0.0000000000000000        0.0000000000000000     
   9200.0000       0.0000000000000000        0.0000000000000000     
   9300.0000       0.0000000000000000        0.0000000000000000     
   9400.0000       0.0000000000000000        0.0000000000000000     
   9500.0000       0.0000000000000000        0.0000000000000000     
   9600.0000       0.0000000000000000        0.0000000000000000     
   9700.0000       0.0000000000000000        0.0000000000000000     
   9800.0000       0.0000000000000000        0.0000000000000000     
   9900.0000       0.0000000000000000        0.0000000000000000     
