   200.00000       3.4603310586956524       0.76848140554781263     
   300.00000       3.8958285268817199       0.98619459982154190     
   400.00000       4.2948994547368411        1.0515423851796335     
   500.00000       4.4231195531914889        1.0083356391316396     
   600.00000       4.5422725799999988        1.0941602399249570     
   700.00000       4.7667966106382975        1.2391120017052597     
   800.00000       4.9483153442105268        1.2925437459442015     
   900.00000       5.0036974884210519        1.4590392761462598     
  1000.00000       5.1692613810526318        1.3357098827680836     
   1100.0000       5.5181627547368430        1.7583923166759770     
   1200.0000       5.3184117170212781        1.6497515041452389     
   1300.0000       5.4587624147368450        1.7723466066898907     
   1400.0000       5.5492929526315793        1.8537345447492852     
   1500.0000       5.5882930705263156        1.9229904475578432     
   1600.0000       5.3550767410526312        1.6866469591305953     
   1700.0000       5.6548208610526327        2.2635305466351210     
   1800.0000       5.8596632473684176        2.3313634774599779     
   1900.0000       5.5753375315789464        2.5666212389261118     
   2000.0000       5.5027326978947340        2.3808530981573690     
   2100.0000       5.6309018336842120        2.5352323714254972     
   2200.0000       5.9037269684210552        2.7084472538978699     
   2300.0000       5.6221185442105277        2.9378815459739913     
   2400.0000       5.1539030105263173        2.3846207543439615     
   2500.0000       5.4538512010526308        2.9362259787313825     
   2600.0000       5.6444120747368434        3.1256022944053794     
   2700.0000       5.2271941368421055        3.0228992999562005     
   2800.0000       5.3893685505263154        3.2947065790803585     
   2900.0000       5.1184952926315779        3.4087034313663889     
   3000.0000       4.9306546621052645        3.2297245856527201     
   3100.0000       5.1569022410526317        3.5791046456046756     
   3200.0000       5.5564240821052637        4.0237813959439270     
   3300.0000       4.9934724505263164        3.6229005406049759     
   3400.0000       4.8201182610526319        3.6161199833245838     
   3500.0000       4.8999720136842102        3.8936637220625956     
   3600.0000       4.9356253904255301        4.0209030615757353     
   3700.0000       4.5521098936842099        4.0149246061997088     
   3800.0000       4.4247613821052623        4.0656525027735784     
   3900.0000       4.2536828621052640        3.9485782898682551     
   4000.0000       3.6661607210526319        3.8136736987317290     
   4100.0000       4.1443422263157892        4.1960669591452255     
   4200.0000       4.2796970389473685        4.4443994388026011     
   4300.0000       3.8026800852631579        4.1796950151765868     
   4400.0000       3.9222528747368410        4.1059586144656137     
   4500.0000       3.5939105694736853        4.2888325817029065     
   4600.0000       3.2913731768421055        4.2628055329139638     
   4700.0000       2.7000744536842105        3.6976609028241367     
   4800.0000       2.7374400063157900        4.0209767216264147     
   4900.0000       2.9121782463157904        4.4152622563065664     
   5000.0000       2.5309786547368427        3.7988683476877534     
   5100.0000       2.5786822926315787        4.0988531073352314     
   5200.0000       1.9765540484210529        3.2681366139598556     
   5300.0000       2.1302288915789469        3.8365084960234053     
   5400.0000       1.9606557094736841        3.7264422487757902     
   5500.0000       1.8711256336842104        3.6226026677154071     
   5600.0000       1.7470621600000000        3.5234962424490903     
   5700.0000       1.7277024884210528        3.6891549540267596     
   5800.0000       1.3475602578947368        3.4474201542393046     
   5900.0000       1.6183549242105264        3.7071028847343834     
   6000.0000       1.1045482778947369        2.9246813391625315     
   6100.0000       1.2670738400000001        3.3005015947567111     
   6200.0000      0.90672866421052611        2.5536545122453194     
   6300.0000       1.0645958947368421        2.6388453950651907     
   6400.0000      0.84221267578947367        2.4614322263025894     
   6500.0000      0.63495314842105266        1.9664413164911450     
   6600.0000      0.66590756526315786        1.9998747811345088     
   6700.0000      0.67074447052631581        2.2983595776893240     
   6800.0000      0.88018417263157889        2.8961932564468298     
   6900.0000      0.81434469157894729        2.6749508784833798     
   7000.0000      0.25878308210526313        1.3503226475448769     
   7100.0000      0.42881689368421055        1.8809242954473835     
   7200.0000      0.57041446210526314        2.2241313993508380     
   7300.0000      0.37347547684210525        1.9110955418059949     
   7400.0000      0.36353068631578950        1.8124760672595548     
   7500.0000      0.41840332000000002        2.1565676592759511     
   7600.0000      0.50440551473684203        2.2345281116614961     
   7700.0000      0.37785960000000002        2.1034173699323246     
   7800.0000      0.24361057894736840        1.6714249253426758     
   7900.0000      0.22912180631578946        1.5718897317668827     
   8000.0000      0.24157231578947369        1.6473104928766404     
   8100.0000      0.22664522105263160        1.5455539012819501     
   8200.0000       0.0000000000000000        0.0000000000000000     
   8300.0000       0.0000000000000000        0.0000000000000000     
   8400.0000       0.0000000000000000        0.0000000000000000     
   8500.0000       0.0000000000000000        0.0000000000000000     
   8600.0000       0.0000000000000000        0.0000000000000000     
   8700.0000       0.0000000000000000        0.0000000000000000     
   8800.0000       0.0000000000000000        0.0000000000000000     
   8900.0000       0.0000000000000000        0.0000000000000000     
   9000.0000       0.0000000000000000        0.0000000000000000     
   9100.0000      0.36472224210526311        3.5361133332108117     
   9200.0000       0.0000000000000000        0.0000000000000000     
   9300.0000       0.0000000000000000        0.0000000000000000     
   9400.0000       0.0000000000000000        0.0000000000000000     
   9500.0000       0.0000000000000000        0.0000000000000000     
   9600.0000       0.0000000000000000        0.0000000000000000     
   9700.0000       0.0000000000000000        0.0000000000000000     
   9800.0000       0.0000000000000000        0.0000000000000000     
   9900.0000       0.0000000000000000        0.0000000000000000     
