   200.00000       6.2209297864864856        1.1815770046153653     
   300.00000       6.3496838325842715       0.90835656095023842     
   400.00000       6.7199783322580648       0.99765274995724706     
   500.00000       7.1307472452631533        1.0801227077893276     
   600.00000       7.6129364126315782        1.2760166821255108     
   700.00000       8.0835777726315783        1.4021290264444217     
   800.00000       8.5326131936842131        1.8202674088952793     
   900.00000       8.9489923831578952        1.9652622865430776     
  1000.00000       9.2461765510416640        2.2791129525681280     
   1100.0000       9.7749396031250022        2.6212222777088439     
   1200.0000       10.005998491578950        2.3904665912477410     
   1300.0000       10.461002536458336        3.2227910899939620     
   1400.0000       10.869327473958331        3.3797491113570981     
   1500.0000       11.566526157291669        3.7652974969650637     
   1600.0000       12.021571754166670        4.7038700405150227     
   1700.0000       12.733973977083332        5.4468475374113456     
   1800.0000       13.160302283333332        5.5576059921482637     
   1900.0000       13.707673424999998        5.8171221900472165     
   2000.0000       14.820311272916681        8.1177547806487222     
   2100.0000       15.487213993750006        8.0211573615023575     
   2200.0000       16.728905769791663        10.070907848178406     
   2300.0000       16.514871160416664        8.4777237072588747     
   2400.0000       18.375787144791662        13.422414738611053     
   2500.0000       18.314069830208329        12.276151776628428     
   2600.0000       19.732837365625002        13.295377374148911     
   2700.0000       19.356709627083337        13.605917061265220     
   2800.0000       18.860358137894742        13.050292423280299     
   2900.0000       20.370012724210525        14.251650702310586     
   3000.0000       22.552758598958338        16.254167029311137     
   3100.0000       23.399719563541662        17.111381759993844     
   3200.0000       21.608015836842103        16.863877640787642     
   3300.0000       22.333787433684211        17.159646262731144     
   3400.0000       21.814262754255317        15.966715852759496     
   3500.0000       21.443869194680858        16.862741627653808     
   3600.0000       21.565829450000010        18.185566818304185     
   3700.0000       21.150083158510636        18.448803885171234     
   3800.0000       20.490691812631582        19.069101225543140     
   3900.0000       20.647362822340426        19.354660528046615     
   4000.0000       18.802326894736847        19.489347772791835     
   4100.0000       17.563529357446807        19.271816257063701     
   4200.0000       17.069369675531920        19.358932075628299     
   4300.0000       15.185472897872335        20.056745626403956     
   4400.0000       14.020370933684214        19.719502275671434     
   4500.0000       14.456594986021504        20.679030054070893     
   4600.0000       12.703086988297873        20.131463629042585     
   4700.0000       9.5756260860215079        17.245687269221474     
   4800.0000       9.0213401744680866        16.854863213668789     
   4900.0000       10.100424831578948        18.611250843939228     
   5000.0000       7.5039787789473680        16.645442171900640     
   5100.0000       7.5775090531914895        17.598319583319903     
   5200.0000       7.6726721595744669        17.331312395039550     
   5300.0000       7.1312535913978481        17.069789698812446     
   5400.0000       6.6809724148936187        16.333863850836728     
   5500.0000       5.6887774623655911        14.854929142088119     
   5600.0000       4.4237295806451611        13.487132307619591     
   5700.0000       2.9772723548387101        10.323586868380271     
   5800.0000       2.5743037234042552        9.5330493055259673     
   5900.0000       2.0936844361702129        8.5077480232394578     
   6000.0000       2.0625810531914892        8.4107763894813043     
   6100.0000       1.9140939247311826        8.3032010714107596     
   6200.0000       2.0271872765957450        8.1854741563551681     
   6300.0000       1.7271318617021276        7.0789431512721892     
   6400.0000       1.6230550315789476        6.6252413936770056     
   6500.0000       1.7512006458333331        7.1857669226877059     
   6600.0000       2.1152980624999995        7.9659478079356134     
   6700.0000       1.5735498631578946        6.9257539075877528     
   6800.0000       1.5457732210526316        6.8053030604821414     
   6900.0000       1.5905042631578947        7.7794872541208635     
   7000.0000      0.92784371578947367        5.1585382138526166     
   7100.0000      0.26951714893617024        2.5991292584389494     
   7200.0000      0.57920511578947365        3.9673945313979706     
   7300.0000      0.51452246808510638        4.9618749908969093     
   7400.0000      0.50627793617021277        4.8823676044218143     
   7500.0000      0.73506761052631575        5.2919969407912895     
   7600.0000      0.82438354166666661        5.7190257706253798     
   7700.0000      0.47365285263157891        4.5922347862197803     
   7800.0000      0.33893259375000001        3.3035062880339336     
   7900.0000      0.33876979166666671        3.3019194896087773     
   8000.0000      0.33865662499999999        3.3008164773820896     
   8100.0000      0.33764894791666666        3.2909948560848634     
   8200.0000      0.33987716666666667        3.3127128459963604     
   8300.0000       0.0000000000000000        0.0000000000000000     
   8400.0000       0.0000000000000000        0.0000000000000000     
   8500.0000       0.0000000000000000        0.0000000000000000     
   8600.0000       0.0000000000000000        0.0000000000000000     
   8700.0000       0.0000000000000000        0.0000000000000000     
   8800.0000       0.0000000000000000        0.0000000000000000     
   8900.0000       0.0000000000000000        0.0000000000000000     
   9000.0000       0.0000000000000000        0.0000000000000000     
   9100.0000       0.0000000000000000        0.0000000000000000     
   9200.0000       0.0000000000000000        0.0000000000000000     
   9300.0000       0.0000000000000000        0.0000000000000000     
   9400.0000       0.0000000000000000        0.0000000000000000     
   9500.0000       0.0000000000000000        0.0000000000000000     
   9600.0000       0.0000000000000000        0.0000000000000000     
   9700.0000       0.0000000000000000        0.0000000000000000     
   9800.0000       0.0000000000000000        0.0000000000000000     
   9900.0000       0.0000000000000000        0.0000000000000000     
