   200.00000       3.1896938476744179       0.86483419115953775     
   300.00000       3.4487956114942526        1.1673988987404100     
   400.00000       3.4664989534090918       0.99001030695900527     
   500.00000       3.5665037827956989       0.90337797767334049     
   600.00000       3.5220810433333334       0.73745242397466482     
   700.00000       3.7627500118279564        1.1894653362827838     
   800.00000       3.6421003142857140        1.2168891313790184     
   900.00000       3.6418868936170199        1.0216568830409043     
  1000.00000       4.0824928935483893        1.4041532901814970     
   1100.0000       3.7464818236559152        1.2240163251464631     
   1200.0000       3.8399821242105281        1.2235819852219596     
   1300.0000       3.9009915744680841        1.3592106727300413     
   1400.0000       3.9595264010752689        1.4820261260591989     
   1500.0000       3.7317406874999999        1.1791132166434517     
   1600.0000       3.7981579367346949        1.1657415486608405     
   1700.0000       3.7189510670103081        1.1276942311625351     
   1800.0000       3.8226724312499996        1.3596378738929080     
   1900.0000       4.0988962659574470        1.7747318939975223     
   2000.0000       3.9761692452631583        1.5649732170849728     
   2100.0000       3.7423428489795922        1.0992825389822871     
   2200.0000       4.0431651367346939        1.4548854201010923     
   2300.0000       3.9591737372340412        1.5518227980624859     
   2400.0000       3.6523221071428571        1.3338672253945409     
   2500.0000       4.1978326690721657        1.8152621833401301     
   2600.0000       4.0711321427083318        1.6058891750198998     
   2700.0000       4.2575833416666660        1.7825370885980525     
   2800.0000       4.0422500136842086        1.9492788943151858     
   2900.0000       4.0509063020618559        1.7634118502222853     
   3000.0000       4.4894602291666663        1.7636644723098378     
   3100.0000       4.1592765458333334        1.7733953306649177     
   3200.0000       4.1424806896907223        1.4416856181262854     
   3300.0000       4.0944984851063850        1.8349597686775931     
   3400.0000       4.2187491873684211        2.1141571331137197     
   3500.0000       4.1299357540816333        1.8844571978775750     
   3600.0000       4.4716608051020401        3.4805478436251041     
   3700.0000       4.2806696836734686        3.1082655032739201     
   3800.0000       4.2501607084210526        2.9449839866316334     
   3900.0000       4.0903087635416666        1.9428014647472769     
   4000.0000       4.5390771838709680        2.7695042124906939     
   4100.0000       4.6010514474226802        4.0446218738903790     
   4200.0000       3.9483838030927845        2.0160356306502614     
   4300.0000       4.5771841888888884        3.0088974991249704     
   4400.0000       4.7655949795918353        3.1501986562823205     
   4500.0000       4.3181113742268025        2.8083738218286678     
   4600.0000       4.5187632505154633        2.8543387151186064     
   4700.0000       4.7147737484210506        3.0613453279565448     
   4800.0000       4.4621342795918366        2.8861664786222336     
   4900.0000       4.6450359602040816        3.3500263385291951     
   5000.0000       4.5434698030612246        2.9798560840006720     
   5100.0000       4.7316253515151505        3.6289216692037485     
   5200.0000       4.2822027000000000        3.5855785216474474     
   5300.0000       4.2973450153061217        3.6359561623222585     
   5400.0000       4.4269037257731974        3.6245616232082374     
   5500.0000       4.4407481391752555        3.3186138732780566     
   5600.0000       4.4048080787878794        3.4158480970686376     
   5700.0000       4.2253876252525258        3.7340483520878447     
   5800.0000       3.7415452494949499        3.4070252409145101     
   5900.0000       3.7032493747474735        2.9927826445116983     
   6000.0000       3.3782238646464662        3.1042220278124200     
   6100.0000       3.5511823686868698        3.1480180857211639     
   6200.0000       4.0296481816326528        3.8030225693589537     
   6300.0000       3.9425531969387766        3.3652656530760194     
   6400.0000       3.2668773707070695        3.0223649987306405     
   6500.0000       3.7991584858585856        3.4330807468418612     
   6600.0000       3.3465334131313123        3.1217152882712593     
   6700.0000       3.2262667622448982        3.0387050654112508     
   6800.0000       3.1899212591836741        3.4535704637772970     
   6900.0000       3.8448928897959180        4.2801315057858869     
   7000.0000       3.4725291686868691        3.6997016433571353     
   7100.0000       3.8211491865979386        4.3136999940824117     
   7200.0000       3.8494777030303045        4.7317930614349253     
   7300.0000       3.7323962555555550        4.5012295182732718     
   7400.0000       3.3727225363636375        3.7959331717925835     
   7500.0000       2.8394606404040408        3.0441007258993942     
   7600.0000       2.3987314489795923        2.8813965215299224     
   7700.0000       2.6109242463917530        3.0037895492206408     
   7800.0000       3.2621681247422680        4.2060237288160600     
   7900.0000       3.2997569989795914        4.2008686892707079     
   8000.0000       2.6760973232323217        3.4105506896835567     
   8100.0000       2.3640341323232317        3.4666274887408659     
   8200.0000       2.5737382244897966        3.3665767125916237     
   8300.0000       2.7588070489795924        4.3182236319307172     
   8400.0000       3.2549008464646465        6.4320866335441398     
   8500.0000       2.6306876655555560        3.4570766876657242     
   8600.0000       3.3834368373737371        5.0444633965234473     
   8700.0000       2.7098764717171719        3.7886500096337508     
   8800.0000       2.4890941363636365        3.7225243067386162     
   8900.0000       2.0798274141414144        3.2251418283461923     
   9000.0000       2.1696470561224488        3.1799959925526533     
   9100.0000       2.2801044202020204        3.9865677890233679     
   9200.0000       2.5362959836734698        5.3496531117672532     
   9300.0000       2.3111382393939395        3.5101137727672156     
   9400.0000       2.2512031887755102        3.7609503134376934     
   9500.0000       2.1410125939393936        3.6033651840426155     
   9600.0000       1.6843239555555554        4.7062658130348112     
   9700.0000       1.8342683989898989        3.8273205541459885     
   9800.0000       1.8991340535353534        3.5236597097830913     
   9900.0000       2.2302519747474747        6.7835316195589597     
