   200.00000       3.0349492515789471       0.83772984611818413     
   300.00000       3.4175207525773201        1.0000340972887483     
   400.00000       3.7611753164948447        1.1845309161783903     
   500.00000       4.1178004659793812        1.3894524956253165     
   600.00000       4.6398033175257725        1.6359954456783432     
   700.00000       4.9107761865979365        1.8873815865756698     
   800.00000       5.0779326896907220        1.9128438785155017     
   900.00000       5.5362336134020618        1.9902044278015785     
  1000.00000       5.6185504701030915        2.3777492306413888     
   1100.0000       5.6669933371134009        2.4290421568068798     
   1200.0000       5.8066760195876306        2.5455705323226874     
   1300.0000       5.9619923907216483        2.7985463205051957     
   1400.0000       5.7725414309278369        2.7900079880698661     
   1500.0000       5.9096598226804113        3.1345528409398908     
   1600.0000       6.2256999020618569        3.3229759489990451     
   1700.0000       6.3053220783505175        3.3351988725874948     
   1800.0000       6.0160088546391766        3.4689951624481457     
   1900.0000       6.4813315340206170        3.2533649114350705     
   2000.0000       6.3923773938144297        3.6344461190150299     
   2100.0000       6.1484209824742280        3.3850834763240134     
   2200.0000       6.3744938371134028        3.8571343850292008     
   2300.0000       6.1246582268041214        3.8476250532000016     
   2400.0000       5.9861430711340198        4.0379954944007288     
   2500.0000       6.2002641649484529        3.7543968794796596     
   2600.0000       5.8587578402061844        4.1423189536038212     
   2700.0000       5.6291351288659781        4.2988315316871768     
   2800.0000       5.2352122804123713        4.4963380472431229     
   2900.0000       5.5062002030927815        4.7431513742611981     
   3000.0000       5.3856403381443272        4.6808427245596720     
   3100.0000       5.3815401721649474        4.7616396893071684     
   3200.0000       5.0420399278350505        4.7160478379121393     
   3300.0000       4.7811053855670105        4.7698530048511145     
   3400.0000       4.8811470432989674        4.9010591531573935     
   3500.0000       5.0036341938144320        5.0596006221031251     
   3600.0000       4.3583782546391747        4.7782577219997586     
   3700.0000       4.4166776701030912        4.8783674939952766     
   3800.0000       3.9867371896907207        4.9897791672626193     
   3900.0000       3.8611449247422684        4.9545546533708107     
   4000.0000       3.7099489000000010        5.0214866453298681     
   4100.0000       4.0958115494845364        5.1742559633694789     
   4200.0000       3.5773830793814438        4.9907596954068154     
   4300.0000       3.3016967793814422        4.9498973515853555     
   4400.0000       3.2528205288659802        4.9039434264644557     
   4500.0000       2.7205338206185572        4.5587071129240693     
   4600.0000       2.3897761835051550        4.3197504131495146     
   4700.0000       1.8973188979381441        3.9733847243489273     
   4800.0000       1.8813827113402062        3.8621683402042142     
   4900.0000       1.8750344484536077        3.8284406646640941     
   5000.0000       1.9437727432989689        3.9595858885349449     
   5100.0000       1.2292925226804123        3.0975426463838573     
   5200.0000       1.1295104989690721        2.9312056680507252     
   5300.0000       1.0042787618556699        2.8949065709445030     
   5400.0000      0.67661639587628863        2.3158714594918188     
   5500.0000      0.64877793505154646        2.1997911763530174     
   5600.0000      0.43652338453608253        1.6514931961973147     
   5700.0000      0.38896981134020620        1.5625769960595919     
   5800.0000      0.32259344845360827        1.4681049471053096     
   5900.0000      0.29964269484536082        1.5066297444946806     
   6000.0000      0.29034482783505156        1.4612293144968811     
   6100.0000      0.37377508762886597        1.8699585918571888     
   6200.0000      0.35432507010309283        1.7703048313507479     
   6300.0000      0.34182145463917524        2.0309035582163433     
   6400.0000      0.32300487113402060        1.9217309944063925     
   6500.0000      0.30399394123711343        1.8031677119311658     
   6600.0000      0.28614453195876288        1.6982458117327262     
   6700.0000      0.22271674432989694        1.5518900233803712     
   6800.0000      0.21646767216494844        1.5030177107128331     
   6900.0000       0.0000000000000000        0.0000000000000000     
   7000.0000       0.0000000000000000        0.0000000000000000     
   7100.0000       0.0000000000000000        0.0000000000000000     
   7200.0000       0.0000000000000000        0.0000000000000000     
   7300.0000       0.0000000000000000        0.0000000000000000     
   7400.0000       0.0000000000000000        0.0000000000000000     
   7500.0000       0.0000000000000000        0.0000000000000000     
   7600.0000       0.0000000000000000        0.0000000000000000     
   7700.0000       0.0000000000000000        0.0000000000000000     
   7800.0000       0.0000000000000000        0.0000000000000000     
   7900.0000       0.0000000000000000        0.0000000000000000     
   8000.0000       0.0000000000000000        0.0000000000000000     
   8100.0000       0.0000000000000000        0.0000000000000000     
   8200.0000       0.0000000000000000        0.0000000000000000     
   8300.0000       0.0000000000000000        0.0000000000000000     
   8400.0000       0.0000000000000000        0.0000000000000000     
   8500.0000       0.0000000000000000        0.0000000000000000     
   8600.0000       0.0000000000000000        0.0000000000000000     
   8700.0000       0.0000000000000000        0.0000000000000000     
   8800.0000       0.0000000000000000        0.0000000000000000     
   8900.0000       0.0000000000000000        0.0000000000000000     
   9000.0000       0.0000000000000000        0.0000000000000000     
   9100.0000       0.0000000000000000        0.0000000000000000     
   9200.0000       0.0000000000000000        0.0000000000000000     
   9300.0000       0.0000000000000000        0.0000000000000000     
   9400.0000       0.0000000000000000        0.0000000000000000     
   9500.0000       0.0000000000000000        0.0000000000000000     
   9600.0000       0.0000000000000000        0.0000000000000000     
   9700.0000       0.0000000000000000        0.0000000000000000     
   9800.0000       0.0000000000000000        0.0000000000000000     
   9900.0000       0.0000000000000000        0.0000000000000000     
