   200.00000       6.3311312908045947        1.1181927268180269     
   300.00000       6.6328284053763449        1.0929668330817879     
   400.00000       7.2054562385416654        1.2035303352440228     
   500.00000       7.6392996729166649        1.5002608376062816     
   600.00000       8.0673265177083326        1.5423027932615208     
   700.00000       8.7911066123711361        2.3281863533857825     
   800.00000       9.2680050876288664        2.2261692358235559     
   900.00000       9.8955078031249961        2.6984728394681929     
  1000.00000       10.213778302083332        2.7695851895814463     
   1100.0000       10.747255033333332        3.3889337857079056     
   1200.0000       11.381359058333331        3.4001930491772061     
   1300.0000       11.821597190721651        3.5764480619316408     
   1400.0000       12.276625480412376        3.9898285051614715     
   1500.0000       12.829819723711344        4.3644953738377232     
   1600.0000       14.399171257731959        7.8744724757990960     
   1700.0000       14.752908193814429        7.0764417672478501     
   1800.0000       15.489967946808507        8.6015204765200082     
   1900.0000       16.737970081052630        8.4951692080616130     
   2000.0000       17.580242393750002        9.3902304691653278     
   2100.0000       17.982898076595745        9.4067714015979558     
   2200.0000       19.707129335416671        10.326697094458286     
   2300.0000       19.981141446874997        10.532958860957205     
   2400.0000       19.844133940625003        9.3264696881318319     
   2500.0000       21.883653373404268        11.910674575347223     
   2600.0000       21.694152481111111        13.512254942395732     
   2700.0000       23.406174913043476        15.150507660213735     
   2800.0000       23.584741669565219        15.115569359425457     
   2900.0000       22.576528548351650        13.859235888520923     
   3000.0000       24.632086782417577        16.226737820998810     
   3100.0000       24.397694278888892        15.666213976447239     
   3200.0000       25.536166975824177        17.963347308545671     
   3300.0000       23.651800596703296        16.262166561641727     
   3400.0000       25.218126698876407        18.165484994419849     
   3500.0000       22.785903049425290        17.085641615804917     
   3600.0000       23.053521288636361        17.384968781656344     
   3700.0000       23.557103597802200        17.381565863032566     
   3800.0000       22.537541368478266        17.496362949606507     
   3900.0000       22.002106114285716        17.113461027847670     
   4000.0000       21.660189910112361        18.178068113591117     
   4100.0000       22.261770597701151        19.516757842500443     
   4200.0000       22.644915349425293        20.709536678228197     
   4300.0000       21.046408570930240        20.642533989469751     
   4400.0000       22.129918574712644        22.275306521829911     
   4500.0000       21.242054418604649        23.696010917222175     
   4600.0000       21.878690943181820        23.838821676558219     
   4700.0000       21.097915879120883        23.635188505277281     
   4800.0000       20.031871835164832        22.885043014368179     
   4900.0000       18.388711934065931        23.974907639434974     
   5000.0000       16.652763477777778        24.218814406245979     
   5100.0000       14.162088912087913        22.073707165952236     
   5200.0000       13.503443153846149        22.282260938145718     
   5300.0000       9.3829281428571427        17.392725676372468     
   5400.0000       9.5493687391304363        17.985185288761162     
   5500.0000       9.7154256304347850        18.181925953847880     
   5600.0000       9.3043821052631568        19.408028345277692     
   5700.0000       8.1348491808510648        18.585415331046917     
   5800.0000       7.2140752553191501        17.189800621854594     
   5900.0000       6.4057314947368420        17.072660369584074     
   6000.0000       6.3407869894736848        17.041928465167725     
   6100.0000       3.0390015578947369        11.907254559143631     
   6200.0000       1.9449899684210525        10.110699042602047     
   6300.0000       2.3861481263157898        11.322199091243004     
   6400.0000       2.3597044000000000        11.214330440494530     
   6500.0000       2.3290753368421058        11.073526828163233     
   6600.0000       1.8955885052631578        10.289209025858405     
   6700.0000       1.2893814270833335        6.4804247341139840     
   6800.0000       1.3112055208333333        8.8220117533347455     
   6900.0000      0.75452792783505163        4.2583222128231704     
   7000.0000      0.45457968041237112        3.1480734056507438     
   7100.0000      0.66492069072164939        3.7309994307225081     
   7200.0000      0.42635779381443301        2.9498613331277110     
   7300.0000      0.60200837113402061        4.2777162379871481     
   7400.0000      0.59355158762886595        4.2147906127854977     
   7500.0000      0.35982391752577320        3.5255399807497674     
   7600.0000      0.34812824742268039        3.4109462849397598     
   7700.0000      0.33862709278350517        3.3178543616067340     
   7800.0000      0.33119354639175258        3.2450207790503307     
   7900.0000       0.0000000000000000        0.0000000000000000     
   8000.0000       0.0000000000000000        0.0000000000000000     
   8100.0000       0.0000000000000000        0.0000000000000000     
   8200.0000       0.0000000000000000        0.0000000000000000     
   8300.0000       0.0000000000000000        0.0000000000000000     
   8400.0000       0.0000000000000000        0.0000000000000000     
   8500.0000       0.0000000000000000        0.0000000000000000     
   8600.0000       0.0000000000000000        0.0000000000000000     
   8700.0000       0.0000000000000000        0.0000000000000000     
   8800.0000       0.0000000000000000        0.0000000000000000     
   8900.0000       0.0000000000000000        0.0000000000000000     
   9000.0000       0.0000000000000000        0.0000000000000000     
   9100.0000       0.0000000000000000        0.0000000000000000     
   9200.0000       0.0000000000000000        0.0000000000000000     
   9300.0000       0.0000000000000000        0.0000000000000000     
   9400.0000       0.0000000000000000        0.0000000000000000     
   9500.0000       0.0000000000000000        0.0000000000000000     
   9600.0000       0.0000000000000000        0.0000000000000000     
   9700.0000       0.0000000000000000        0.0000000000000000     
   9800.0000       0.0000000000000000        0.0000000000000000     
   9900.0000       0.0000000000000000        0.0000000000000000     
