   200.00000       6.7361037129411736        1.1634744752168076     
   300.00000       7.5593348806818224        1.4824775703249526     
   400.00000       8.3540735454545469        1.7300691071038317     
   500.00000       9.2291041384615387        2.9638596650201832     
   600.00000       9.7015570478260891        2.1387725706411969     
   700.00000       10.726801897826084        2.9123876296377214     
   800.00000       11.845447002150541        4.6531306116838254     
   900.00000       12.667973304255318        4.2774698152730375     
  1000.00000       13.887347875531914        6.0187839680993953     
   1100.0000       17.135298541935477        11.960200564889401     
   1200.0000       17.632039022826085        10.237234232515743     
   1300.0000       18.155998040217391        10.265090333431152     
   1400.0000       21.490293752747252        14.277888187492520     
   1500.0000       21.144682587777780        11.167970637990036     
   1600.0000       23.012317946739131        14.587473043828906     
   1700.0000       22.686911633333338        11.679056138941357     
   1800.0000       24.119234817777777        14.411297905632438     
   1900.0000       21.783151017647064        11.660427373042705     
   2000.0000       22.717683971264371        10.981596707995093     
   2100.0000       25.154469691954016        14.375176057816491     
   2200.0000       27.309834334523821        12.791282167628683     
   2300.0000       28.120795110714283        15.192566423123299     
   2400.0000       30.709975420454544        15.577119195934642     
   2500.0000       28.163293353409085        14.849702944575220     
   2600.0000       28.540056648809522        15.679754193562637     
   2700.0000       30.197909451219509        17.851297518672638     
   2800.0000       28.831059051282043        15.003729123661632     
   2900.0000       30.614343851851853        17.475699667285827     
   3000.0000       28.623909121621619        16.011668353191858     
   3100.0000       29.730538849315067        16.295808001149954     
   3200.0000       29.995691411764707        17.849468000502597     
   3300.0000       29.971990417910458        17.281932033421917     
   3400.0000       26.688276444444437        18.960510388723613     
   3500.0000       30.385103188405793        19.439635253456579     
   3600.0000       28.960873787878786        18.976624366212896     
   3700.0000       31.879043185714291        20.706080847061173     
   3800.0000       29.991895223880601        21.292411644437404     
   3900.0000       27.629645177419352        21.760402714130738     
   4000.0000       26.245982515151507        21.713167217404155     
   4100.0000       22.803723448275864        20.313063442025822     
   4200.0000       22.857020192982461        22.225911344136858     
   4300.0000       21.886421258064516        21.237879725389263     
   4400.0000       21.781502661538457        21.774970521382208     
   4500.0000       20.205421484848486        22.075627988703346     
   4600.0000       17.617484000000005        20.674694249854749     
   4700.0000       17.042357589041096        20.534727471399986     
   4800.0000       18.775247972972966        22.393115971366811     
   4900.0000       16.576960131578947        21.210855143966025     
   5000.0000       14.422523200000002        21.410507136844188     
   5100.0000       14.966545584415586        21.777864303967920     
   5200.0000       13.180068194805195        20.700444500035829     
   5300.0000       13.733645025316454        20.289723659817167     
   5400.0000       13.637916900000002        20.856393392663520     
   5500.0000       11.001921768292684        18.633350293208579     
   5600.0000       11.604842168674702        19.790908162268448     
   5700.0000       10.669380536585365        21.051025871098425     
   5800.0000       9.1337233855421704        20.764654016227290     
   5900.0000       8.7923982891566244        20.970546424697787     
   6000.0000       8.7295331511627907        19.258730970723203     
   6100.0000       6.6229440689655172        16.126469863511097     
   6200.0000       6.3223990114942534        17.342275374242590     
   6300.0000       4.6764233522727272        15.590369664257167     
   6400.0000       5.6250576022727268        15.877052672480218     
   6500.0000       5.7599545054945054        15.682395307070822     
   6600.0000       2.9416722840909091        10.599661717994623     
   6700.0000       3.4937661123595505        11.877175704057459     
   6800.0000       3.5188328539325844        11.895686268403018     
   6900.0000       3.0651354659090910        12.931686580269059     
   7000.0000       3.6836415604395607        12.564907036735397     
   7100.0000       2.8388382999999999        11.069835827184885     
   7200.0000       2.9507458791208792        13.019619889203071     
   7300.0000       2.1270492282608693        10.931300406139142     
   7400.0000       3.0956711290322576        11.283399239887267     
   7500.0000      0.96437485714285709        5.7921524071931865     
   7600.0000       1.3774057692307693        7.5536793970622975     
   7700.0000       2.1701893440860216        9.2773669071848719     
   7800.0000       3.0946478404255315        12.600005644767997     
   7900.0000       1.5209048279569894        10.135809504347627     
   8000.0000      0.99549445161290329        5.5473671613123727     
   8100.0000       1.2521133440860215        5.9721807420388116     
   8200.0000       1.7871445157894736        10.969245973817332     
   8300.0000       1.7851768526315788        10.897421225167172     
   8400.0000       1.5660076736842103        9.9775735627612736     
   8500.0000       0.0000000000000000        0.0000000000000000     
   8600.0000       0.0000000000000000        0.0000000000000000     
   8700.0000      0.27349298947368422        2.6516129124323102     
   8800.0000       0.0000000000000000        0.0000000000000000     
   8900.0000       0.0000000000000000        0.0000000000000000     
   9000.0000       0.0000000000000000        0.0000000000000000     
   9100.0000       0.0000000000000000        0.0000000000000000     
   9200.0000       0.0000000000000000        0.0000000000000000     
   9300.0000       0.0000000000000000        0.0000000000000000     
   9400.0000       0.0000000000000000        0.0000000000000000     
   9500.0000       0.0000000000000000        0.0000000000000000     
   9600.0000       0.0000000000000000        0.0000000000000000     
   9700.0000       0.0000000000000000        0.0000000000000000     
   9800.0000       0.0000000000000000        0.0000000000000000     
   9900.0000       0.0000000000000000        0.0000000000000000     
