   200.00000       7.6973050494736821        1.4634804590857935     
   300.00000       7.8524695381443284        1.2869129677484268     
   400.00000       8.0041960113402073        1.2653121232378355     
   500.00000       8.2149780216494808        1.3958513162478547     
   600.00000       8.5501405195876288        1.0861317261682655     
   700.00000       8.5206779649484545        1.7099987909564736     
   800.00000       8.4888586814432987        2.0315054882572756     
   900.00000       8.5247405814432984        1.7136354001313325     
  1000.00000       8.4458673391752548        2.5192782301614276     
   1100.0000       8.4585647597938127        2.6427239196238594     
   1200.0000       8.4369404865979369        2.8057643484362704     
   1300.0000       8.5228903711340216        2.8851866418839776     
   1400.0000       8.3834967164948466        2.9909895423972022     
   1500.0000       8.3890694731958764        3.4824424356981041     
   1600.0000       8.5558251979381446        3.7214069964346650     
   1700.0000       8.5784911020618555        3.6945364843569730     
   1800.0000       8.4565154876288648        3.9891488892395346     
   1900.0000       8.7059767804123727        3.5675195849793306     
   2000.0000       8.6697423989690723        3.8779329867842516     
   2100.0000       8.4369021855670052        3.9333599272175461     
   2200.0000       8.3479250979381447        4.1936665639494857     
   2300.0000       7.9889880051546394        4.2913801725080489     
   2400.0000       7.9354763350515443        4.5386961326996298     
   2500.0000       8.1930738195876263        4.3256984307675506     
   2600.0000       7.9035649969072175        5.1389893246535561     
   2700.0000       7.5256324793814420        5.1106917133726677     
   2800.0000       7.1081867072164933        5.3582245191782212     
   2900.0000       7.2002666195876275        5.4089410567086107     
   3000.0000       7.0581898412371142        5.6078978345957902     
   3100.0000       6.9350763649484533        5.5980657177264890     
   3200.0000       6.6162629360824736        5.6689510347546976     
   3300.0000       6.1505034288659797        5.7608427817847687     
   3400.0000       6.1255225298969060        5.7747138537287332     
   3500.0000       6.0233986886597943        5.9209710933920929     
   3600.0000       5.6822351340206190        5.8658201996517736     
   3700.0000       5.4246321505154640        5.7342548207985029     
   3800.0000       5.0072645989690718        5.8677745230855747     
   3900.0000       4.8963721855670101        6.0018764501673028     
   4000.0000       4.8777230432989702        6.2075864056307344     
   4100.0000       5.1454537886597951        6.2281071169214215     
   4200.0000       4.6793018525773187        6.2965803603498909     
   4300.0000       4.2266922752577312        6.2360538516821853     
   4400.0000       4.2072415474226803        6.2363581280320828     
   4500.0000       3.6221399783505150        6.0366785895306698     
   4600.0000       3.2109193432989693        5.7385382138957706     
   4700.0000       2.6434891690721654        5.4686277871307762     
   4800.0000       2.6619649876288660        5.3103565679244387     
   4900.0000       2.5955629422680406        5.1544393534787432     
   5000.0000       2.6740942010309272        5.2636322911023123     
   5100.0000       1.9425303103092784        4.6900501822038150     
   5200.0000       1.8094050608247421        4.5413612251190276     
   5300.0000       1.6107373680412373        4.4097327506254018     
   5400.0000       1.2399927855670103        3.9473699453398265     
   5500.0000       1.1734799515463918        3.7320480417054784     
   5600.0000      0.90416640309278351        3.2938342595933605     
   5700.0000      0.78951249484536079        3.1818291390612012     
   5800.0000      0.67085239175257727        2.9446641474939690     
   5900.0000      0.54199262989690711        2.6672957714694578     
   6000.0000      0.52367710515463917        2.5726806877046582     
   6100.0000      0.51173956701030932        2.4879196465623163     
   6200.0000      0.48557060824742260        2.3575541909872220     
   6300.0000      0.40966687628865983        2.3265978611971692     
   6400.0000      0.38542931958762888        2.1869610478422397     
   6500.0000      0.36343459896907215        2.0591018102178809     
   6600.0000      0.34072711546391748        1.9278969739129033     
   6700.0000      0.22271674432989694        1.5518900233803712     
   6800.0000      0.21646767216494844        1.5030177107128331     
   6900.0000       0.0000000000000000        0.0000000000000000     
   7000.0000       0.0000000000000000        0.0000000000000000     
   7100.0000       0.0000000000000000        0.0000000000000000     
   7200.0000       0.0000000000000000        0.0000000000000000     
   7300.0000       0.0000000000000000        0.0000000000000000     
   7400.0000       0.0000000000000000        0.0000000000000000     
   7500.0000       0.0000000000000000        0.0000000000000000     
   7600.0000       0.0000000000000000        0.0000000000000000     
   7700.0000       0.0000000000000000        0.0000000000000000     
   7800.0000       0.0000000000000000        0.0000000000000000     
   7900.0000       0.0000000000000000        0.0000000000000000     
   8000.0000       0.0000000000000000        0.0000000000000000     
   8100.0000       0.0000000000000000        0.0000000000000000     
   8200.0000       0.0000000000000000        0.0000000000000000     
   8300.0000       0.0000000000000000        0.0000000000000000     
   8400.0000       0.0000000000000000        0.0000000000000000     
   8500.0000       0.0000000000000000        0.0000000000000000     
   8600.0000       0.0000000000000000        0.0000000000000000     
   8700.0000       0.0000000000000000        0.0000000000000000     
   8800.0000       0.0000000000000000        0.0000000000000000     
   8900.0000       0.0000000000000000        0.0000000000000000     
   9000.0000       0.0000000000000000        0.0000000000000000     
   9100.0000       0.0000000000000000        0.0000000000000000     
   9200.0000       0.0000000000000000        0.0000000000000000     
   9300.0000       0.0000000000000000        0.0000000000000000     
   9400.0000       0.0000000000000000        0.0000000000000000     
   9500.0000       0.0000000000000000        0.0000000000000000     
   9600.0000       0.0000000000000000        0.0000000000000000     
   9700.0000       0.0000000000000000        0.0000000000000000     
   9800.0000       0.0000000000000000        0.0000000000000000     
   9900.0000       0.0000000000000000        0.0000000000000000     
