   200.00000       8.1977901981818189        1.8913626379566268     
   300.00000       8.4240001388059706        2.3200426525326527     
   400.00000       9.2119281666666666        2.1484101425435069     
   500.00000       9.4156263227272703        2.3454872483130456     
   600.00000       9.7270504835616443        2.2204120868615873     
   700.00000       10.110517707228912        2.2796864564875894     
   800.00000       10.868813506024095        3.6793564224506672     
   900.00000       11.336982480459771        3.2126790460570027     
  1000.00000       12.593437315476194        5.3423342802241898     
   1100.0000       12.141474748780485        4.2303471509489006     
   1200.0000       12.933429391111112        4.9224030882091618     
   1300.0000       12.598904931111115        3.9423089089740238     
   1400.0000       14.395961571590918        7.6450492085978450     
   1500.0000       14.816965392631580        7.1872741051542661     
   1600.0000       15.128536310526318        6.5893956086793395     
   1700.0000       15.121769484269663        6.0619553271519155     
   1800.0000       18.270634249425285        12.022835139426199     
   1900.0000       16.833147263636359        10.189004357110866     
   2000.0000       18.423265049999998        11.013697328732405     
   2100.0000       18.870782753763439        10.339543042529877     
   2200.0000       19.507434433684207        13.117686603655992     
   2300.0000       18.612777082954540        8.4640499042432040     
   2400.0000       19.407121382417586        10.407246516209364     
   2500.0000       20.213900719148935        11.185026036459231     
   2600.0000       22.280009986170214        13.615099386303831     
   2700.0000       20.938563443820222        11.005213365433185     
   2800.0000       21.218129303448276        12.979572669678427     
   2900.0000       23.771428339534882        15.023553061682186     
   3000.0000       23.447083408791208        13.379006887719978     
   3100.0000       24.359542860714289        12.820007867489840     
   3200.0000       22.732751005555556        10.786621518197958     
   3300.0000       24.363741840506329        12.888634682608306     
   3400.0000       27.775453798809526        16.381617972461786     
   3500.0000       26.426952491111106        14.779662193834543     
   3600.0000       26.073352986249994        13.713582934737317     
   3700.0000       25.074118473493979        15.489096119336683     
   3800.0000       24.374254559036146        13.824042626802919     
   3900.0000       26.371809888095235        14.907735750765355     
   4000.0000       28.515634814473682        15.875499399016999     
   4100.0000       25.623707696202541        13.649074650386662     
   4200.0000       27.818577326190479        14.050217770847832     
   4300.0000       30.919206098809521        17.610124363370240     
   4400.0000       27.513822120779217        15.901225518147610     
   4500.0000       28.989325775999994        16.591736684964872     
   4600.0000       31.025322702985072        16.713720853246674     
   4700.0000       30.625071563380278        16.630053537964269     
   4800.0000       31.313104305479449        15.835306879656585     
   4900.0000       32.222525998571435        15.805221857317958     
   5000.0000       31.884052755405406        15.828770670174933     
   5100.0000       31.162983295774652        16.549394647086025     
   5200.0000       32.395511737179490        17.815606716734798     
   5300.0000       30.923947738356169        18.008844120651617     
   5400.0000       31.340071130434776        17.312742424346855     
   5500.0000       29.563517000000004        17.793774231089351     
   5600.0000       30.907345706172833        19.054101814338789     
   5700.0000       30.429601862162162        19.170412823688117     
   5800.0000       31.498131513513510        20.455628309091264     
   5900.0000       31.950370885714282        19.077290008992691     
   6000.0000       28.900307534246579        19.713545400512938     
   6100.0000       27.950973938461541        18.877726286929075     
   6200.0000       26.850491149253731        18.467130796656466     
   6300.0000       28.605034128571432        20.773019835875896     
   6400.0000       30.096440956164383        20.137295840128665     
   6500.0000       26.234173224615382        18.351349129395388     
   6600.0000       28.399114500000003        20.734703329175687     
   6700.0000       28.819544453947376        21.622791236260355     
   6800.0000       30.670174162162176        22.314848630483883     
   6900.0000       26.154995684415592        20.149320713365576     
   7000.0000       26.595537550724636        20.970714728072426     
   7100.0000       25.655203773972602        20.514513591935120     
   7200.0000       25.079079400000001        20.064963363646523     
   7300.0000       24.454061242424249        21.389320830421394     
   7400.0000       27.564828400000000        23.673967514836544     
   7500.0000       26.376525588888896        23.079406962210836     
   7600.0000       24.126749279999999        22.487534942154902     
   7700.0000       20.452651385714280        22.358103934379681     
   7800.0000       21.331637878260874        22.302827353044531     
   7900.0000       24.425187727272725        23.457728045289411     
   8000.0000       22.396677153846152        21.718145421126902     
   8100.0000       20.938603541095894        21.616333019734448     
   8200.0000       19.805494486111108        22.706638062340080     
   8300.0000       18.633210056338026        22.353238122802807     
   8400.0000       16.663238866666664        19.803016247304605     
   8500.0000       15.398062671052632        20.134781626368220     
   8600.0000       16.376744287671233        21.102600380645800     
   8700.0000       15.562604346666664        18.664786918145232     
   8800.0000       15.942796379452052        21.600787630023294     
   8900.0000       15.689561116883111        20.956970020074976     
   9000.0000       12.617128841025643        18.290020674311236     
   9100.0000       15.444686710714279        20.025976567458102     
   9200.0000       14.980491025316455        21.178871506762803     
   9300.0000       14.207494443037971        20.443116553970572     
   9400.0000       10.753206362499999        17.450010957746443     
   9500.0000       14.870108912941177        20.021795960158592     
   9600.0000       16.923460902352943        21.955172027885773     
   9700.0000       14.722287447058823        21.824261086803755     
   9800.0000       13.463041399999998        21.316753360909363     
   9900.0000       11.925570746987949        19.846802795154296     
