   200.00000       2.5762688877777777       0.53273520768393290     
   300.00000       2.9038924430107516       0.82101339002884755     
   400.00000       3.2590802547368432        1.1932384882480163     
   500.00000       3.4553194600000006        1.2924855306232861     
   600.00000       3.8094157021052619        1.6792493863813134     
   700.00000       3.8105074621052664        1.9405679210986084     
   800.00000       3.9393613905263165        2.1986287563054456     
   900.00000       3.8166086631578939        2.2928816960106211     
  1000.00000       3.9528913906249996        2.6318556060631075     
   1100.0000       3.6321305979166669        2.9797679252269518     
   1200.0000       3.8325830249999986        3.0063290518572905     
   1300.0000       3.7152658229166664        3.1098750078107398     
   1400.0000       3.6406444520833321        3.2881485054611459     
   1500.0000       3.9343959593750011        3.5718138856646218     
   1600.0000       3.7744908593750002        3.6059551168663093     
   1700.0000       3.7881112916666666        3.6348161156730492     
   1800.0000       3.7049250968749998        3.8051961906883811     
   1900.0000       3.5738133104166656        3.7519444067603498     
   2000.0000       3.1669315062499996        3.7222632692056146     
   2100.0000       3.0310487614583330        3.6704847641079992     
   2200.0000       2.7481591072916669        3.4182890357100972     
   2300.0000       2.4310762760416669        3.3657030469263618     
   2400.0000       2.5673570739583327        3.4469720735389662     
   2500.0000       2.4075368104166666        3.4417195618105851     
   2600.0000       2.2932359177083335        3.3580482155016291     
   2700.0000       2.4381303885416670        3.6316230837628347     
   2800.0000       2.2291614312500001        3.5385577035431686     
   2900.0000       2.0108428677083334        3.3797314350660170     
   3000.0000       2.0203765333333332        3.3759875561335710     
   3100.0000       2.1305747135416664        3.5300466810815574     
   3200.0000       2.1629829822916671        3.4411855532216404     
   3300.0000       2.3220769114583342        3.7708828737270061     
   3400.0000       2.3669809312500001        3.8292030187132675     
   3500.0000       2.3460000666666665        3.7267072399813279     
   3600.0000       2.3880040447916664        3.8756646929591017     
   3700.0000       2.2518577687500003        3.7046280086913428     
   3800.0000       1.6582816312499997        3.3368870967044999     
   3900.0000       1.6507563312500000        3.3961389942522571     
   4000.0000       1.5375185458333334        3.2215292126131310     
   4100.0000       1.4649500281250001        3.4243036245264138     
   4200.0000       1.4177688916666664        3.1580587525281283     
   4300.0000       1.2888225781250000        3.1713614494983000     
   4400.0000       1.0939264989583333        2.7420840870121257     
   4500.0000       1.2479797989583332        3.2369912440733728     
   4600.0000      0.57352022499999999        2.0129476123776935     
   4700.0000      0.64989562187499994        2.2211598750947910     
   4800.0000      0.65866846250000000        2.2682754485394594     
   4900.0000      0.52128458437500003        1.9245811217454174     
   5000.0000      0.37966135520833327        1.5838140166884604     
   5100.0000      0.75002582708333332        2.5490429046204017     
   5200.0000      0.72098177499999994        2.4442790983760583     
   5300.0000      0.81302318958333331        2.6212225556838198     
   5400.0000      0.61442492395833337        2.4974706963109621     
   5500.0000      0.62199578333333339        2.5471442961346789     
   5600.0000      0.60841826562500001        2.4688414004278805     
   5700.0000      0.51435033124999996        2.2308865278438068     
   5800.0000      0.37610551145833332        1.8231656942565855     
   5900.0000      0.33067481770833335        1.6035069469644656     
   6000.0000      0.31741004895833330        1.5173953784870930     
   6100.0000      0.43927645937499998        1.9030511349334838     
   6200.0000      0.34779446354166660        1.6334322814681352     
   6300.0000      0.30354094479166666        1.5371646863353985     
   6400.0000      0.22398282812500003        1.3143848546619461     
   6500.0000      0.11522694895833334       0.80594199866150518     
   6600.0000      0.11604126770833334       0.81832634862271991     
   6700.0000      0.17683325000000003        1.7235573210741897     
   6800.0000      0.16720708333333334        1.6297330542453345     
   6900.0000      0.28201245833333333        1.9430886930020446     
   7000.0000      0.25371202083333338        1.7539088712784392     
   7100.0000      0.28278018750000000        1.9442026425118093     
   7200.0000      0.21886483437500001        1.5053901081407588     
   7300.0000      0.24573393749999997        1.7007905109186594     
   7400.0000      0.22305150416666666        1.5519823353233402     
   7500.0000      0.12061272916666667        1.1755874665536419     
   7600.0000       0.0000000000000000        0.0000000000000000     
   7700.0000      0.10302841666666666        1.0041967889212882     
   7800.0000       0.0000000000000000        0.0000000000000000     
   7900.0000       0.0000000000000000        0.0000000000000000     
   8000.0000       0.0000000000000000        0.0000000000000000     
   8100.0000       0.0000000000000000        0.0000000000000000     
   8200.0000       0.0000000000000000        0.0000000000000000     
   8300.0000       0.0000000000000000        0.0000000000000000     
   8400.0000       0.0000000000000000        0.0000000000000000     
   8500.0000       0.0000000000000000        0.0000000000000000     
   8600.0000       0.0000000000000000        0.0000000000000000     
   8700.0000       0.0000000000000000        0.0000000000000000     
   8800.0000       0.0000000000000000        0.0000000000000000     
   8900.0000       0.0000000000000000        0.0000000000000000     
   9000.0000       0.0000000000000000        0.0000000000000000     
   9100.0000       0.0000000000000000        0.0000000000000000     
   9200.0000       0.0000000000000000        0.0000000000000000     
   9300.0000       0.0000000000000000        0.0000000000000000     
   9400.0000       0.0000000000000000        0.0000000000000000     
   9500.0000       0.0000000000000000        0.0000000000000000     
   9600.0000       0.0000000000000000        0.0000000000000000     
   9700.0000       0.0000000000000000        0.0000000000000000     
   9800.0000       0.0000000000000000        0.0000000000000000     
   9900.0000       0.0000000000000000        0.0000000000000000     
