   200.00000       9.0618556701030926        3.0079428631256744     
   300.00000       6.6494845360824746        2.4327712640025867     
   400.00000       5.4226804123711343        2.3934405703595667     
   500.00000       4.5979381443298966        2.1713210089733233     
   600.00000       4.0824742268041234        2.0542643757862336     
   700.00000       3.8969072164948453        2.0881824390143016     
   800.00000       3.6288659793814433        1.9066870259767765     
   900.00000       3.5567010309278349        1.8665203977330591     
  1000.00000       3.1030927835051547        1.7497247859142784     
   1100.0000       3.0618556701030926        1.8545815822304137     
   1200.0000       2.8247422680412373        1.7819849310246645     
   1300.0000       2.6391752577319587        1.6879534794141016     
   1400.0000       2.4845360824742269        1.5472849654029384     
   1500.0000       2.2371134020618557        1.5383294988180478     
   1600.0000       2.1855670103092781        1.5218673886388401     
   1700.0000       1.9690721649484537        1.2718491144982378     
   1800.0000       1.8762886597938144        1.3566007546058541     
   1900.0000       1.8969072164948453        1.3430580284112379     
   2000.0000       1.7422680412371134        1.2291842111990827     
   2100.0000       1.7628865979381443        1.2164948453608246     
   2200.0000       1.6185567010309279        1.1879402512750488     
   2300.0000       1.5154639175257731        1.1407485520513860     
   2400.0000       1.4845360824742269        1.1133066014823774     
   2500.0000       1.4639175257731958        1.0360696516619476     
   2600.0000       1.3917525773195876        1.1081395296317755     
   2700.0000       1.2268041237113403        1.0601026466462076     
   2800.0000       1.1546391752577319        1.1154048424625971     
   2900.0000       1.1030927835051547        1.0695845236571495     
   3000.0000       1.0309278350515463        1.0498267726268840     
   3100.0000       1.0103092783505154        1.0203581881780306     
   3200.0000      0.95876288659793818        1.0145084206303128     
   3300.0000      0.85567010309278346       0.95236754060874207     
   3400.0000      0.82474226804123707       0.93069433429215409     
   3500.0000      0.78350515463917525       0.89933313350780986     
   3600.0000      0.70103092783505150       0.83930443039371638     
   3700.0000      0.67010309278350511       0.80873643948268825     
   3800.0000      0.59793814432989689       0.80794755640810922     
   3900.0000      0.57731958762886593       0.81018073007787639     
   4000.0000      0.49484536082474229       0.70526314954585856     
   4100.0000      0.50515463917525771       0.65995487724862767     
   4200.0000      0.46391752577319589       0.67445060757922171     
   4300.0000      0.42268041237113402       0.67097484928960738     
   4400.0000      0.40206185567010311       0.63667619202657766     
   4500.0000      0.36082474226804123       0.64513351947059849     
   4600.0000      0.31958762886597936       0.61838485585438441     
   4700.0000      0.25773195876288657       0.56126423046664742     
   4800.0000      0.25773195876288657       0.54258545843054706     
   4900.0000      0.25773195876288657       0.54258545843054706     
   5000.0000      0.24742268041237114       0.51834247793717669     
   5100.0000      0.18556701030927836       0.48332817194767180     
   5200.0000      0.17525773195876287       0.47646268075428216     
   5300.0000      0.14432989690721648       0.40587669453669128     
   5400.0000      0.11340206185567010       0.37653571892267373     
   5500.0000      0.11340206185567010       0.37653571892267373     
   5600.0000      8.24742268041237098E-002  0.31030756584108066     
   5700.0000      7.21649484536082408E-002  0.29593196070942934     
   5800.0000      6.18556701030927858E-002  0.28044269090176172     
   5900.0000      5.15463917525773169E-002  0.26364354335143136     
   6000.0000      5.15463917525773169E-002  0.26364354335143136     
   6100.0000      4.12371134020618549E-002  0.19883816002047330     
   6200.0000      4.12371134020618549E-002  0.19883816002047330     
   6300.0000      3.09278350515463929E-002  0.17312222292522336     
   6400.0000      3.09278350515463929E-002  0.17312222292522336     
   6500.0000      3.09278350515463929E-002  0.17312222292522336     
   6600.0000      3.09278350515463929E-002  0.17312222292522336     
   6700.0000      2.06185567010309274E-002  0.14210359538237341     
   6800.0000      2.06185567010309274E-002  0.14210359538237341     
   6900.0000       0.0000000000000000        0.0000000000000000     
   7000.0000       0.0000000000000000        0.0000000000000000     
   7100.0000       0.0000000000000000        0.0000000000000000     
   7200.0000       0.0000000000000000        0.0000000000000000     
   7300.0000       0.0000000000000000        0.0000000000000000     
   7400.0000       0.0000000000000000        0.0000000000000000     
   7500.0000       0.0000000000000000        0.0000000000000000     
   7600.0000       0.0000000000000000        0.0000000000000000     
   7700.0000       0.0000000000000000        0.0000000000000000     
   7800.0000       0.0000000000000000        0.0000000000000000     
   7900.0000       0.0000000000000000        0.0000000000000000     
   8000.0000       0.0000000000000000        0.0000000000000000     
   8100.0000       0.0000000000000000        0.0000000000000000     
   8200.0000       0.0000000000000000        0.0000000000000000     
   8300.0000       0.0000000000000000        0.0000000000000000     
   8400.0000       0.0000000000000000        0.0000000000000000     
   8500.0000       0.0000000000000000        0.0000000000000000     
   8600.0000       0.0000000000000000        0.0000000000000000     
   8700.0000       0.0000000000000000        0.0000000000000000     
   8800.0000       0.0000000000000000        0.0000000000000000     
   8900.0000       0.0000000000000000        0.0000000000000000     
   9000.0000       0.0000000000000000        0.0000000000000000     
   9100.0000       0.0000000000000000        0.0000000000000000     
   9200.0000       0.0000000000000000        0.0000000000000000     
   9300.0000       0.0000000000000000        0.0000000000000000     
   9400.0000       0.0000000000000000        0.0000000000000000     
   9500.0000       0.0000000000000000        0.0000000000000000     
   9600.0000       0.0000000000000000        0.0000000000000000     
   9700.0000       0.0000000000000000        0.0000000000000000     
   9800.0000       0.0000000000000000        0.0000000000000000     
   9900.0000       0.0000000000000000        0.0000000000000000     
