   200.00000       41.717171717171716        6.0436800683435346     
   300.00000       35.515151515151516        5.1017201226024138     
   400.00000       30.020202020202021        4.8512828626800584     
   500.00000       27.111111111111111        4.7734300161380219     
   600.00000       24.777777777777779        4.0962055749477919     
   700.00000       22.585858585858585        4.4290366533786827     
   800.00000       21.212121212121211        4.3975951354355782     
   900.00000       19.262626262626263        4.5761477747424211     
  1000.00000       18.262626262626263        4.6679345865987418     
   1100.0000       17.868686868686869        4.0865546097802827     
   1200.0000       16.434343434343436        3.9928259306355689     
   1300.0000       15.808080808080808        3.8603835253983534     
   1400.0000       15.292929292929292        4.0182727211660474     
   1500.0000       14.272727272727273        3.4983926520392243     
   1600.0000       13.747474747474747        3.3854812836714361     
   1700.0000       13.232323232323232        3.2499519276267024     
   1800.0000       12.484848484848484        3.4534820266444535     
   1900.0000       12.313131313131313        3.5947393230857023     
   2000.0000       11.626262626262626        3.4745419248575944     
   2100.0000       11.020202020202021        3.2844285144083352     
   2200.0000       10.939393939393939        3.1776307221620179     
   2300.0000       10.313131313131313        3.2895502276038555     
   2400.0000       10.202020202020202        2.9643668238358303     
   2500.0000       9.8080808080808080        3.0572872628543553     
   2600.0000       9.2626262626262630        2.9834081879414236     
   2700.0000       9.3535353535353529        3.2792988019679661     
   2800.0000       9.0404040404040398        2.8317078828369748     
   2900.0000       8.5858585858585865        2.9370847258927917     
   3000.0000       8.3333333333333339        2.8355606218883818     
   3100.0000       7.9191919191919196        2.7291052578861019     
   3200.0000       7.4545454545454541        2.4914914898296341     
   3300.0000       7.7070707070707067        2.9550590937451267     
   3400.0000       7.3232323232323235        2.9501867183787946     
   3500.0000       7.1313131313131315        2.7584451214057832     
   3600.0000       6.8787878787878789        2.7862313973266901     
   3700.0000       7.1818181818181817        2.8687224354033618     
   3800.0000       6.8686868686868685        2.5766882850105102     
   3900.0000       6.5858585858585856        2.6323937756542151     
   4000.0000       6.4040404040404040        2.6663605578822498     
   4100.0000       6.2222222222222223        2.5645428267457815     
   4200.0000       5.9696969696969697        2.4922285084790410     
   4300.0000       5.7373737373737370        2.3509544959736157     
   4400.0000       5.7777777777777777        2.5724082006200502     
   4500.0000       5.5757575757575761        2.5705830376301195     
   4600.0000       5.4949494949494948        2.6376211250802193     
   4700.0000       5.1919191919191920        2.3896949117508344     
   4800.0000       5.3434343434343434        2.4624928494450509     
   4900.0000       5.0303030303030303        2.1623712454437904     
   5000.0000       4.8282828282828278        2.3443049584450373     
   5100.0000       4.8181818181818183        2.4509888186534776     
   5200.0000       4.7373737373737370        2.3380292944128187     
   5300.0000       4.5353535353535355        2.4050163539759017     
   5400.0000       4.7373737373737370        2.5803682243919552     
   5500.0000       4.4444444444444446        2.2075271700501302     
   5600.0000       4.3434343434343434        2.2390547074743292     
   5700.0000       4.2929292929292933        2.3581045515007575     
   5800.0000       3.9797979797979797        2.1926405739337596     
   5900.0000       4.1616161616161618        2.3342295711973002     
   6000.0000       3.8585858585858586        2.2065563508546502     
   6100.0000       3.8282828282828283        2.0152970758294035     
   6200.0000       3.8484848484848486        2.1337293020950230     
   6300.0000       3.7878787878787881        1.9346532969105894     
   6400.0000       3.5959595959595960        1.8252947287636487     
   6500.0000       3.5050505050505052        1.8497815179409449     
   6600.0000       3.5252525252525251        1.9660935700342415     
   6700.0000       3.4242424242424243        1.8482364463002310     
   6800.0000       3.3333333333333335        1.7638342073763931     
   6900.0000       3.3838383838383836        2.1258727059160916     
   7000.0000       3.0808080808080809        1.7960493552236665     
   7100.0000       3.1717171717171717        1.8642863830398912     
   7200.0000       3.1111111111111112        1.7167557428427649     
   7300.0000       3.0000000000000000        1.8257418583505538     
   7400.0000       2.9494949494949494        1.7943442986494269     
   7500.0000       2.7777777777777777        1.5798961451326994     
   7600.0000       2.6565656565656566        1.5901312833267789     
   7700.0000       2.7171717171717171        1.6999132719434176     
   7800.0000       2.7878787878787881        1.7993979199155783     
   7900.0000       2.6161616161616164        1.6249759638133496     
   8000.0000       2.6868686868686869        1.6675540949320169     
   8100.0000       2.5151515151515151        1.5658194766986442     
   8200.0000       2.4242424242424243        1.5960235251228716     
   8300.0000       2.2727272727272729        1.5362171946226149     
   8400.0000       2.3737373737373737        1.6179913884343293     
   8500.0000       2.4545454545454546        1.8601223337239763     
   8600.0000       2.1717171717171717        1.3029911512401697     
   8700.0000       2.2424242424242422        1.3787046261911911     
   8800.0000       2.1414141414141414        1.2949794351949373     
   8900.0000       2.0808080808080809        1.2607258425350496     
   9000.0000       2.2020202020202020        1.5040671996310602     
   9100.0000       2.1010101010101012        1.3669619008157494     
   9200.0000       2.0303030303030303        1.3813662206110886     
   9300.0000       2.0808080808080809        1.3001691240164914     
   9400.0000       2.1111111111111112        1.5300946619484062     
   9500.0000       2.1515151515151514        1.5850541612875177     
   9600.0000       2.0707070707070705        1.3427886349805149     
   9700.0000       1.8888888888888888        1.2134672660752492     
   9800.0000       1.8383838383838385        1.1951676329494172     
   9900.0000       1.8383838383838385        1.1344653055231666     
