   200.00000       42.721649484536080        5.2792967901784520     
   300.00000       34.381443298969074        4.6869929668740662     
   400.00000       28.463917525773194        4.4814896632085910     
   500.00000       24.680412371134022        4.2754306270181539     
   600.00000       21.876288659793815        4.2650769127079835     
   700.00000       19.381443298969071        4.3634926400741110     
   800.00000       17.463917525773194        4.1889935697275407     
   900.00000       15.958762886597938        4.1091236825657367     
  1000.00000       14.649484536082474        3.9716553382751556     
   1100.0000       13.639175257731958        3.8668177785061606     
   1200.0000       12.453608247422681        3.6269910807910941     
   1300.0000       11.711340206185566        3.5405129888853639     
   1400.0000       11.103092783505154        3.4566074067772137     
   1500.0000       10.350515463917526        3.1656703565693447     
   1600.0000       9.6907216494845354        3.2087535709714508     
   1700.0000       9.0103092783505154        3.0034167668641869     
   1800.0000       8.4742268041237114        3.1331048580685379     
   1900.0000       7.9072164948453612        2.8468918635991227     
   2000.0000       7.5154639175257731        2.7847648924873369     
   2100.0000       7.1546391752577323        2.6684108796028432     
   2200.0000       6.7319587628865980        2.6183943451575638     
   2300.0000       6.5360824742268040        2.5648771826873453     
   2400.0000       6.2371134020618557        2.4819895406555363     
   2500.0000       5.9484536082474229        2.4594489954560683     
   2600.0000       5.5876288659793811        2.4694111210853404     
   2700.0000       5.2783505154639174        2.2601079622111526     
   2800.0000       5.0618556701030926        2.2143600364262044     
   2900.0000       4.8659793814432986        2.2181485080351564     
   3000.0000       4.5360824742268040        2.1779677260874215     
   3100.0000       4.3195876288659791        2.1081402942055689     
   3200.0000       4.0927835051546388        2.0713184915256684     
   3300.0000       3.8969072164948453        2.0076376643685534     
   3400.0000       3.7216494845360826        1.9411032469405740     
   3500.0000       3.5154639175257731        1.9430733550566339     
   3600.0000       3.4123711340206184        1.8708428957585013     
   3700.0000       3.2268041237113403        1.7380232558631481     
   3800.0000       3.0721649484536084        1.7833561704056666     
   3900.0000       2.9587628865979383        1.6740439694997475     
   4000.0000       2.7422680412371134        1.5747907765825799     
   4100.0000       2.6185567010309279        1.5428137300231286     
   4200.0000       2.5051546391752577        1.3930883242564012     
   4300.0000       2.4123711340206184        1.3754292849614780     
   4400.0000       2.2577319587628866        1.3337672443775617     
   4500.0000       2.1443298969072164        1.2761870618922710     
   4600.0000       2.0618556701030926        1.1997803320392710     
   4700.0000       1.9793814432989691        1.1304536215977568     
   4800.0000       1.8865979381443299        1.0441421147870809     
   4900.0000       1.7835051546391754       0.99717957025515436     
   5000.0000       1.6804123711340206       0.95837482446945133     
   5100.0000       1.5979381443298970       0.91561250767729951     
   5200.0000       1.5567010309278351       0.87306867462845872     
   5300.0000       1.4639175257731958       0.81306161456207660     
   5400.0000       1.4226804123711341       0.75757414725252925     
   5500.0000       1.4123711340206186       0.74269747028156152     
   5600.0000       1.3505154639175259       0.71855004508151010     
   5700.0000       1.3195876288659794       0.69677299994704345     
   5800.0000       1.2886597938144331       0.67287294317858626     
   5900.0000       1.2577319587628866       0.66236611976119630     
   6000.0000       1.2268041237113403       0.58336306601216936     
   6100.0000       1.1649484536082475       0.55017171398459097     
   6200.0000       1.1134020618556701       0.45125914697400588     
   6300.0000       1.0927835051546391       0.38213923696599267     
   6400.0000       1.0927835051546391       0.38213923696599267     
   6500.0000       1.0927835051546391       0.38213923696599267     
   6600.0000       1.0824742268041236       0.37084754120834967     
   6700.0000       1.0721649484536082       0.35890505537173639     
   6800.0000       1.0618556701030928       0.34624444585044678     
   6900.0000       1.0412371134020619       0.24526551037876912     
   7000.0000       1.0309278350515463       0.22492189927084022     
   7100.0000       1.0515463917525774       0.30021071708373237     
   7200.0000       1.0309278350515463       0.22492189927084022     
   7300.0000       1.0206185567010309       0.14210359538237380     
   7400.0000       1.0206185567010309       0.14210359538237380     
   7500.0000       1.0103092783505154       0.10100988630033673     
   7600.0000       1.0103092783505154       0.10100988630033673     
   7700.0000       1.0103092783505154       0.10100988630033673     
   7800.0000       1.0103092783505154       0.10100988630033673     
   7900.0000      1.00000000000000000        0.0000000000000000     
   8000.0000      1.00000000000000000        0.0000000000000000     
   8100.0000      1.00000000000000000        0.0000000000000000     
   8200.0000      1.00000000000000000        0.0000000000000000     
   8300.0000      1.00000000000000000        0.0000000000000000     
   8400.0000      1.00000000000000000        0.0000000000000000     
   8500.0000      1.00000000000000000        0.0000000000000000     
   8600.0000      1.00000000000000000        0.0000000000000000     
   8700.0000      1.00000000000000000        0.0000000000000000     
   8800.0000      1.00000000000000000        0.0000000000000000     
   8900.0000      1.00000000000000000        0.0000000000000000     
   9000.0000      1.00000000000000000        0.0000000000000000     
   9100.0000      1.00000000000000000        0.0000000000000000     
   9200.0000      1.00000000000000000        0.0000000000000000     
   9300.0000      1.00000000000000000        0.0000000000000000     
   9400.0000      1.00000000000000000        0.0000000000000000     
   9500.0000      1.00000000000000000        0.0000000000000000     
   9600.0000      1.00000000000000000        0.0000000000000000     
   9700.0000      1.00000000000000000        0.0000000000000000     
   9800.0000      1.00000000000000000        0.0000000000000000     
   9900.0000      1.00000000000000000        0.0000000000000000     
