   200.00000       12.151515151515152        2.8827723621879424     
   300.00000       10.646464646464647        2.5949178430899287     
   400.00000       9.6363636363636367        2.2805924511790034     
   500.00000       8.8484848484848477        2.5990038354414051     
   600.00000       8.4040404040404049        2.4696918055759745     
   700.00000       8.1515151515151523        2.2263964468753761     
   800.00000       7.9797979797979801        2.5701463935815712     
   900.00000       7.4444444444444446        2.2751278007047966     
  1000.00000       7.2020202020202024        2.3909754485463606     
   1100.0000       7.0404040404040407        2.3002818971700667     
   1200.0000       6.8787878787878789        2.2575249129926269     
   1300.0000       6.3434343434343434        2.3101078559875248     
   1400.0000       6.2626262626262630        1.9979072818289176     
   1500.0000       6.1515151515151514        2.0810042076835624     
   1600.0000       6.2020202020202024        2.0839928555093703     
   1700.0000       5.7878787878787881        2.3496087242400150     
   1800.0000       5.6262626262626263        2.1347810361818342     
   1900.0000       5.2020202020202024        2.1224142817626945     
   2000.0000       5.1212121212121211        2.2753520197082584     
   2100.0000       5.1010101010101012        2.0325380933473469     
   2200.0000       5.1212121212121211        2.2214415524983342     
   2300.0000       4.7070707070707067        2.0804648142867883     
   2400.0000       4.6262626262626263        1.8563886881066891     
   2500.0000       4.5353535353535355        2.0415538314553263     
   2600.0000       4.3737373737373737        1.9621975857112044     
   2700.0000       4.0606060606060606        1.8899958944863853     
   2800.0000       4.0909090909090908        1.8095755911313474     
   2900.0000       3.9696969696969697        1.8392716249083054     
   3000.0000       3.8181818181818183        1.7659154284040555     
   3100.0000       3.6161616161616164        1.6799896025836905     
   3200.0000       3.4848484848484849        1.6779234181705609     
   3300.0000       3.5151515151515151        1.7829928101037151     
   3400.0000       3.5050505050505052        1.7659732050870998     
   3500.0000       3.5050505050505052        1.8111536441455662     
   3600.0000       3.2020202020202020        1.5372794937863838     
   3700.0000       3.3232323232323231        1.7222740594704744     
   3800.0000       3.1818181818181817        1.7077579155885296     
   3900.0000       2.9393939393939394        1.5622968187454840     
   4000.0000       2.9292929292929295        1.7880214518210420     
   4100.0000       2.7070707070707072        1.5456195858268034     
   4200.0000       2.7575757575757578        1.4777194351801943     
   4300.0000       2.5959595959595960        1.6138240671088144     
   4400.0000       2.5757575757575757        1.6148984962999064     
   4500.0000       2.6161616161616164        1.8130117289846117     
   4600.0000       2.6262626262626263        1.6054569731523816     
   4700.0000       2.4848484848484849        1.5850541612875175     
   4800.0000       2.3535353535353534        1.4586082429240161     
   4900.0000       2.4848484848484849        1.6536683211687575     
   5000.0000       2.2222222222222223        1.5278925576718412     
   5100.0000       2.1818181818181817        1.5528639970083589     
   5200.0000       2.0909090909090908        1.5380093988423662     
   5300.0000       1.9595959595959596        1.4901643317907092     
   5400.0000       2.0707070707070705        1.5843459298093776     
   5500.0000       1.8787878787878789        1.3429405943127475     
   5600.0000       1.7979797979797980        1.3852017172858531     
   5700.0000       1.7979797979797980        1.4562980462775739     
   5800.0000       1.6565656565656566        1.4295695202983252     
   5900.0000       1.6565656565656566        1.3116541808470934     
   6000.0000       1.6767676767676767        1.5164304366696941     
   6100.0000       1.5959595959595960        1.4207637149508883     
   6200.0000       1.5757575757575757        1.4290698330365570     
   6300.0000       1.5252525252525253        1.3053381801333419     
   6400.0000       1.5050505050505050        1.4796514561857714     
   6500.0000       1.4343434343434343        1.2322404343769351     
   6600.0000       1.3232323232323233        1.3013457124060588     
   6700.0000       1.3333333333333333        1.2472191289246473     
   6800.0000       1.2222222222222223        1.3525550497996359     
   6900.0000       1.1717171717171717        1.1809977295405270     
   7000.0000       1.2222222222222223        1.2677471910898772     
   7100.0000       1.1616161616161615        1.1781432979251178     
   7200.0000       1.1919191919191918        1.2200080118694343     
   7300.0000       1.1616161616161615        1.2367035909465187     
   7400.0000       1.0101010101010102        1.0492416645392233     
   7500.0000      1.00000000000000000        1.1281521496355325     
   7600.0000      0.90909090909090906        1.0644950345606241     
   7700.0000      0.91919191919191923        1.1162415986700045     
   7800.0000      0.92929292929292928        1.0754611437742356     
   7900.0000      0.85858585858585856        1.0348483616053090     
   8000.0000      0.88888888888888884        1.0814215194852728     
   8100.0000      0.74747474747474751       0.96759030422852910     
   8200.0000      0.80808080808080807        1.0979942013495914     
   8300.0000      0.69696969696969702       0.97912087402445525     
   8400.0000      0.77777777777777779        1.0304020550550783     
   8500.0000      0.75757575757575757        1.0549633445775279     
   8600.0000      0.69696969696969702       0.84631757841023880     
   8700.0000      0.70707070707070707       0.95613410635953389     
   8800.0000      0.69696969696969702       0.95826595762678157     
   8900.0000      0.61616161616161613       0.92885365111698182     
   9000.0000      0.56565656565656564       0.81849351837910689     
   9100.0000      0.53535353535353536       0.80795453558873620     
   9200.0000      0.54545454545454541       0.86774673110765788     
   9300.0000      0.61616161616161613       0.92885365111698182     
   9400.0000      0.51515151515151514       0.77019788043265658     
   9500.0000      0.52525252525252530       0.84499039912583329     
   9600.0000      0.40404040404040403       0.72361594701302290     
   9700.0000      0.39393939393939392       0.66390613030929224     
   9800.0000      0.43434343434343436       0.69865117033497304     
   9900.0000      0.36363636363636365       0.68835252676366954     
