   200.00000       8.7291666666666661        2.7136966126587496     
   300.00000       5.6562500000000000        2.1155580676266013     
   400.00000       4.1562500000000000        1.9649434099145624     
   500.00000       3.4583333333333335        1.7134070995793409     
   600.00000       2.9791666666666665        1.5477077584465218     
   700.00000       2.5833333333333335        1.5320646925708530     
   800.00000       2.3020833333333335        1.4077152859825344     
   900.00000       2.1354166666666665        1.4260945479603460     
  1000.00000       1.9270833333333333        1.4306524710968616     
   1100.0000       1.7187500000000000        1.5323125565084079     
   1200.0000       1.6041666666666667        1.4177385650707568     
   1300.0000       1.4583333333333333        1.4282613750835511     
   1400.0000       1.3229166666666667        1.4030828532398061     
   1500.0000       1.2708333333333333        1.3880379337595770     
   1600.0000       1.1666666666666667        1.3202482931462380     
   1700.0000       1.1041666666666667        1.2867851305568550     
   1800.0000      0.97916666666666663        1.1271199162269983     
   1900.0000      0.90625000000000000        1.0999822441748777     
   2000.0000      0.81250000000000000        1.0927078368286129     
   2100.0000      0.76041666666666663        1.0776594204055792     
   2200.0000      0.69791666666666663        1.0319862691539177     
   2300.0000      0.66666666666666663        1.0865337342004415     
   2400.0000      0.67708333333333337        1.0457731556391927     
   2500.0000      0.61458333333333337       0.96144196898316336     
   2600.0000      0.56250000000000000       0.85162222649873742     
   2700.0000      0.57291666666666663       0.92133046535371277     
   2800.0000      0.53125000000000000       0.88920757091168923     
   2900.0000      0.48958333333333331       0.86596275500483022     
   3000.0000      0.47916666666666669       0.84136752109619461     
   3100.0000      0.46875000000000000       0.82856709897267822     
   3200.0000      0.45833333333333331       0.78947063839568410     
   3300.0000      0.42708333333333331       0.70333715934978314     
   3400.0000      0.40625000000000000       0.67048062673975406     
   3500.0000      0.39583333333333331       0.65318397527462013     
   3600.0000      0.39583333333333331       0.68433615440236839     
   3700.0000      0.37500000000000000       0.66536330927797138     
   3800.0000      0.31250000000000000       0.66634106632164480     
   3900.0000      0.29166666666666669       0.64415103473917945     
   4000.0000      0.29166666666666669       0.61095326244229908     
   4100.0000      0.26041666666666669       0.58175008356013347     
   4200.0000      0.22916666666666666       0.48902894142939596     
   4300.0000      0.20833333333333334       0.49826086429589161     
   4400.0000      0.20833333333333334       0.51874581658286378     
   4500.0000      0.18750000000000000       0.48546584157212680     
   4600.0000      0.11458333333333333       0.40491232761618356     
   4700.0000      0.12500000000000000       0.43898557303553082     
   4800.0000      0.11458333333333333       0.40491232761618356     
   4900.0000      0.10416666666666667       0.39473531919784199     
   5000.0000      7.29166666666666713E-002  0.29737713382542080     
   5100.0000      0.10416666666666667       0.33785989042139281     
   5200.0000      0.10416666666666667       0.33785989042139281     
   5300.0000      0.11458333333333333       0.34969604857488579     
   5400.0000      8.33333333333333287E-002  0.31180478223116176     
   5500.0000      8.33333333333333287E-002  0.31180478223116176     
   5600.0000      8.33333333333333287E-002  0.31180478223116176     
   5700.0000      7.29166666666666713E-002  0.29737713382542080     
   5800.0000      6.25000000000000000E-002  0.28182810955143089     
   5900.0000      5.20833333333333356E-002  0.22219509383022440     
   6000.0000      5.20833333333333356E-002  0.22219509383022440     
   6100.0000      6.25000000000000000E-002  0.24206145913796356     
   6200.0000      5.20833333333333356E-002  0.22219509383022440     
   6300.0000      4.16666666666666644E-002  0.19982631347136331     
   6400.0000      3.12500000000000000E-002  0.17399263633843817     
   6500.0000      2.08333333333333322E-002  0.14282613750835510     
   6600.0000      2.08333333333333322E-002  0.14282613750835510     
   6700.0000      1.04166666666666661E-002  0.10152910775842670     
   6800.0000      1.04166666666666661E-002  0.10152910775842670     
   6900.0000      2.08333333333333322E-002  0.14282613750835510     
   7000.0000      2.08333333333333322E-002  0.14282613750835510     
   7100.0000      2.08333333333333322E-002  0.14282613750835510     
   7200.0000      2.08333333333333322E-002  0.14282613750835510     
   7300.0000      2.08333333333333322E-002  0.14282613750835510     
   7400.0000      2.08333333333333322E-002  0.14282613750835510     
   7500.0000      1.04166666666666661E-002  0.10152910775842670     
   7600.0000       0.0000000000000000        0.0000000000000000     
   7700.0000      1.04166666666666661E-002  0.10152910775842670     
   7800.0000       0.0000000000000000        0.0000000000000000     
   7900.0000       0.0000000000000000        0.0000000000000000     
   8000.0000       0.0000000000000000        0.0000000000000000     
   8100.0000       0.0000000000000000        0.0000000000000000     
   8200.0000       0.0000000000000000        0.0000000000000000     
   8300.0000       0.0000000000000000        0.0000000000000000     
   8400.0000       0.0000000000000000        0.0000000000000000     
   8500.0000       0.0000000000000000        0.0000000000000000     
   8600.0000       0.0000000000000000        0.0000000000000000     
   8700.0000       0.0000000000000000        0.0000000000000000     
   8800.0000       0.0000000000000000        0.0000000000000000     
   8900.0000       0.0000000000000000        0.0000000000000000     
   9000.0000       0.0000000000000000        0.0000000000000000     
   9100.0000       0.0000000000000000        0.0000000000000000     
   9200.0000       0.0000000000000000        0.0000000000000000     
   9300.0000       0.0000000000000000        0.0000000000000000     
   9400.0000       0.0000000000000000        0.0000000000000000     
   9500.0000       0.0000000000000000        0.0000000000000000     
   9600.0000       0.0000000000000000        0.0000000000000000     
   9700.0000       0.0000000000000000        0.0000000000000000     
   9800.0000       0.0000000000000000        0.0000000000000000     
   9900.0000       0.0000000000000000        0.0000000000000000     
