   200.00000       46.927083333333336        5.6129403904182595     
   300.00000       36.739583333333336        5.2603960395635072     
   400.00000       30.260416666666668        5.0129931005726309     
   500.00000       26.041666666666668        5.0804294984665228     
   600.00000       22.854166666666668        4.8818950526978293     
   700.00000       20.020833333333332        4.9180347672848175     
   800.00000       18.281250000000000        4.8620621589506650     
   900.00000       16.604166666666668        4.5402807518429453     
  1000.00000       15.500000000000000        4.4837670174382040     
   1100.0000       14.260416666666666        4.2358706102038708     
   1200.0000       13.291666666666666        3.8592871391258554     
   1300.0000       12.458333333333334        3.7994425760746648     
   1400.0000       11.593750000000000        3.6129919647710262     
   1500.0000       10.729166666666666        3.5487062392120072     
   1600.0000       10.166666666666666        3.4450044347657336     
   1700.0000       9.4583333333333339        3.3132205715218452     
   1800.0000       8.9479166666666661        3.2415588831695734     
   1900.0000       8.4687500000000000        3.2111560904913983     
   2000.0000       8.0208333333333339        3.3008179752230440     
   2100.0000       7.4791666666666670        3.1157501994793395     
   2200.0000       7.0312500000000000        3.1571780813726678     
   2300.0000       6.6666666666666670        3.0878345522748161     
   2400.0000       6.1875000000000000        3.0114797719172319     
   2500.0000       5.8958333333333330        2.7819326565457256     
   2600.0000       5.6145833333333330        2.8187238234803278     
   2700.0000       5.3541666666666670        2.6730879719073135     
   2800.0000       5.0416666666666670        2.7458933984325671     
   2900.0000       4.7604166666666670        2.7414442348980126     
   3000.0000       4.4375000000000000        2.6646313847635037     
   3100.0000       4.1770833333333330        2.6299350105510642     
   3200.0000       4.0000000000000000        2.5860201081971503     
   3300.0000       3.7604166666666665        2.4905855723214083     
   3400.0000       3.6354166666666665        2.3368416705150468     
   3500.0000       3.4375000000000000        2.3265339921580059     
   3600.0000       3.1979166666666665        2.1728427600086997     
   3700.0000       3.0625000000000000        2.1593425889994080     
   3800.0000       2.8541666666666665        2.0360253695756239     
   3900.0000       2.7500000000000000        1.8929694486000914     
   4000.0000       2.5416666666666665        1.8647870000500208     
   4100.0000       2.4687500000000000        1.8481585711639210     
   4200.0000       2.3333333333333335        1.7658016750347572     
   4300.0000       2.2083333333333335        1.7255232700707213     
   4400.0000       2.1458333333333335        1.7319255100096604     
   4500.0000       2.0208333333333335        1.6581815257149084     
   4600.0000       1.9375000000000000        1.6125322994181130     
   4700.0000       1.8437500000000000        1.5091949081657190     
   4800.0000       1.7604166666666667        1.4701529942114491     
   4900.0000       1.6458333333333333        1.2908263395549726     
   5000.0000       1.5312500000000000        1.2072103258477098     
   5100.0000       1.4895833333333333        1.1725576715264610     
   5200.0000       1.5000000000000000        1.1726039399558574     
   5300.0000       1.4687500000000000        1.1542775969554868     
   5400.0000       1.4062500000000000        1.0663227798529549     
   5500.0000       1.3750000000000000       0.98160158244914542     
   5600.0000       1.3333333333333333       0.96465307523251886     
   5700.0000       1.2604166666666667       0.85689351325328345     
   5800.0000       1.2187500000000000       0.76652795393688444     
   5900.0000       1.2083333333333333       0.76262521740513034     
   6000.0000       1.2083333333333333       0.76262521740513034     
   6100.0000       1.1875000000000000       0.71169545218911345     
   6200.0000       1.1458333333333333       0.57697426767192628     
   6300.0000       1.1562500000000000       0.60083492255915583     
   6400.0000       1.1458333333333333       0.59475426765084172     
   6500.0000       1.1250000000000000       0.56365621910286168     
   6600.0000       1.1354166666666667       0.57044923208721088     
   6700.0000       1.0937500000000000       0.41023684723990028     
   6800.0000       1.0937500000000000       0.41023684723990028     
   6900.0000       1.0625000000000000       0.28182810955143078     
   7000.0000       1.0625000000000000       0.31663925319938896     
   7100.0000       1.0416666666666667       0.24650332429581678     
   7200.0000       1.0520833333333333       0.30172392412417193     
   7300.0000       1.0312500000000000       0.17399263633843817     
   7400.0000       1.0312500000000000       0.17399263633843817     
   7500.0000       1.0312500000000000       0.17399263633843817     
   7600.0000       1.0208333333333333       0.14282613750835596     
   7700.0000       1.0208333333333333       0.14282613750835596     
   7800.0000       1.0104166666666667       0.10152910775842609     
   7900.0000       1.0104166666666667       0.10152910775842609     
   8000.0000       1.0104166666666667       0.10152910775842609     
   8100.0000       1.0104166666666667       0.10152910775842609     
   8200.0000       1.0104166666666667       0.10152910775842609     
   8300.0000      1.00000000000000000        0.0000000000000000     
   8400.0000      1.00000000000000000        0.0000000000000000     
   8500.0000      1.00000000000000000        0.0000000000000000     
   8600.0000      1.00000000000000000        0.0000000000000000     
   8700.0000      1.00000000000000000        0.0000000000000000     
   8800.0000      1.00000000000000000        0.0000000000000000     
   8900.0000      1.00000000000000000        0.0000000000000000     
   9000.0000      1.00000000000000000        0.0000000000000000     
   9100.0000      1.00000000000000000        0.0000000000000000     
   9200.0000      1.00000000000000000        0.0000000000000000     
   9300.0000      1.00000000000000000        0.0000000000000000     
   9400.0000      1.00000000000000000        0.0000000000000000     
   9500.0000      1.00000000000000000        0.0000000000000000     
   9600.0000      1.00000000000000000        0.0000000000000000     
   9700.0000      1.00000000000000000        0.0000000000000000     
   9800.0000      1.00000000000000000        0.0000000000000000     
   9900.0000      1.00000000000000000        0.0000000000000000     
