   200.00000       38.989473684210523        5.0440057949841988     
   300.00000       30.957894736842107        4.2794878923182473     
   400.00000       25.315789473684209        4.1808162333127479     
   500.00000       21.873684210526317        3.6454502436906617     
   600.00000       19.389473684210525        3.5401300506652733     
   700.00000       17.231578947368423        3.4502559220987945     
   800.00000       15.526315789473685        3.5089122778948467     
   900.00000       13.905263157894737        3.1890394006924656     
  1000.00000       12.821052631578947        3.2378646224046181     
   1100.0000       11.515789473684210        3.1883444240240113     
   1200.0000       10.610526315789473        2.8811355102207297     
   1300.0000       9.8000000000000007        2.8082584976233349     
   1400.0000       9.0631578947368414        2.4955139806662761     
   1500.0000       8.6210526315789480        2.5636279694313990     
   1600.0000       8.0947368421052630        2.3623079001176919     
   1700.0000       7.6842105263157894        2.3586934737364853     
   1800.0000       7.2631578947368425        2.2347048613126779     
   1900.0000       7.0526315789473681        2.2401523493897590     
   2000.0000       6.7263157894736842        2.0998351076273538     
   2100.0000       6.3894736842105262        2.0224775678522064     
   2200.0000       5.9368421052631577        2.1265763258830144     
   2300.0000       5.6736842105263161        2.0387927555975378     
   2400.0000       5.4736842105263159        1.8171238422770595     
   2500.0000       5.3368421052631581        2.0032107192194144     
   2600.0000       5.1368421052631579        2.0084585674527911     
   2700.0000       4.7999999999999998        1.8444796727418538     
   2800.0000       4.4421052631578943        1.7394239183899478     
   2900.0000       4.2315789473684209        1.6698731850932971     
   3000.0000       4.0631578947368423        1.7156280195266800     
   3100.0000       3.8842105263157896        1.6470909468689388     
   3200.0000       3.7052631578947368        1.6343270574606297     
   3300.0000       3.5789473684210527        1.6580200453897191     
   3400.0000       3.4315789473684211        1.5400111522422397     
   3500.0000       3.3157894736842106        1.4528603938781324     
   3600.0000       3.2000000000000002        1.4910257860737486     
   3700.0000       3.0315789473684212        1.4542325274065746     
   3800.0000       2.8526315789473684        1.3990103348072549     
   3900.0000       2.7157894736842105        1.3271509484189041     
   4000.0000       2.7263157894736842        1.3950446532235210     
   4100.0000       2.5789473684210527        1.3024587870511526     
   4200.0000       2.4631578947368422        1.2798891918796345     
   4300.0000       2.4105263157894736        1.2690214783309914     
   4400.0000       2.3473684210526318        1.2377264475653615     
   4500.0000       2.2842105263157895        1.2786766011840183     
   4600.0000       2.2421052631578946        1.2625437103318899     
   4700.0000       2.2210526315789472        1.3391194857927795     
   4800.0000       2.1368421052631579        1.2278395773474768     
   4900.0000       1.9789473684210526        1.1696058478543876     
   5000.0000       1.8842105263157896        1.1775367500778620     
   5100.0000       1.8631578947368421        1.1108131333282458     
   5200.0000       1.7578947368421052        1.0434334969723171     
   5300.0000       1.7894736842105263        1.0651882644777699     
   5400.0000       1.6947368421052631       0.97412507800078108     
   5500.0000       1.6315789473684210       0.97389755841855830     
   5600.0000       1.6105263157894736       0.95470840786300903     
   5700.0000       1.5578947368421052       0.90281185862701330     
   5800.0000       1.4631578947368422       0.81834912528744441     
   5900.0000       1.4210526315789473       0.78912272901016067     
   6000.0000       1.4210526315789473       0.80235111579618956     
   6100.0000       1.3789473684210527       0.78376886185205386     
   6200.0000       1.3473684210526315       0.80483304646801179     
   6300.0000       1.2842105263157895       0.72057225642630873     
   6400.0000       1.3052631578947369       0.72654458638894281     
   6500.0000       1.2631578947368420       0.66823453676226874     
   6600.0000       1.2421052631578948       0.66039524805718397     
   6700.0000       1.2315789473684211       0.63994459593981723     
   6800.0000       1.2105263157894737       0.57846870164354047     
   6900.0000       1.2105263157894737       0.59638801996695989     
   7000.0000       1.1894736842105262       0.56744555671341312     
   7100.0000       1.1684210526315790       0.51611160724763183     
   7200.0000       1.1368421052631579       0.44980759198361053     
   7300.0000       1.1368421052631579       0.49440078171862645     
   7400.0000       1.1368421052631579       0.44980759198361053     
   7500.0000       1.1052631578947369       0.39666197224035277     
   7600.0000       1.0947368421052632       0.35758500529395815     
   7700.0000       1.0947368421052632       0.35758500529395815     
   7800.0000       1.1052631578947369       0.36917216666842445     
   7900.0000       1.0631578947368421       0.28323419046470988     
   8000.0000       1.0526315789473684       0.22329687826943648     
   8100.0000       1.0736842105263158       0.29884356982270316     
   8200.0000       1.0315789473684212       0.17487629185090670     
   8300.0000       1.0315789473684212       0.17487629185090670     
   8400.0000       1.0421052631578946       0.24776004833557547     
   8500.0000      1.00000000000000000        0.0000000000000000     
   8600.0000      1.00000000000000000        0.0000000000000000     
   8700.0000       1.0210526315789474       0.20411283610173978     
   8800.0000      1.00000000000000000        0.0000000000000000     
   8900.0000      1.00000000000000000        0.0000000000000000     
   9000.0000      1.00000000000000000        0.0000000000000000     
   9100.0000      1.00000000000000000        0.0000000000000000     
   9200.0000      1.00000000000000000        0.0000000000000000     
   9300.0000      1.00000000000000000        0.0000000000000000     
   9400.0000      1.00000000000000000        0.0000000000000000     
   9500.0000      1.00000000000000000        0.0000000000000000     
   9600.0000      1.00000000000000000        0.0000000000000000     
   9700.0000      1.00000000000000000        0.0000000000000000     
   9800.0000      1.00000000000000000        0.0000000000000000     
   9900.0000      1.00000000000000000        0.0000000000000000     
