   200.00000       10.715789473684211        3.2820505717734849     
   300.00000       9.1578947368421044        2.8702312009338939     
   400.00000       8.3263157894736839        2.5564865086086557     
   500.00000       8.0421052631578949        2.6474050431703642     
   600.00000       7.3368421052631581        2.4649566082047785     
   700.00000       6.9578947368421051        2.3211421393410894     
   800.00000       6.2315789473684209        2.2870465053101832     
   900.00000       5.8210526315789473        2.3168896907999690     
  1000.00000       5.5789473684210522        2.1005209748181448     
   1100.0000       5.3157894736842106        2.0118760969211986     
   1200.0000       4.9052631578947370        1.7476220488093992     
   1300.0000       4.7157894736842101        1.6711997448712170     
   1400.0000       4.5157894736842108        1.7220743788248476     
   1500.0000       4.3368421052631581        1.7983063746688197     
   1600.0000       3.9473684210526314        1.8201701542937458     
   1700.0000       3.9263157894736844        1.7725515671403593     
   1800.0000       3.4947368421052634        1.7998460999150734     
   1900.0000       3.3684210526315788        1.7293298463426590     
   2000.0000       3.0947368421052630        1.7172418780096266     
   2100.0000       3.0105263157894737        1.6638239838719358     
   2200.0000       2.9473684210526314        1.6503168502960854     
   2300.0000       2.7789473684210528        1.6994051427882577     
   2400.0000       2.6947368421052631        1.6031133145130367     
   2500.0000       2.3999999999999999        1.5382833904952899     
   2600.0000       2.2315789473684209        1.3951240773263627     
   2700.0000       2.0526315789473686        1.3944885578412389     
   2800.0000       1.9684210526315788        1.3951240773263625     
   2900.0000       1.7368421052631580        1.2994778410114496     
   3000.0000       1.7578947368421052        1.3971082124662786     
   3100.0000       1.6736842105263159        1.2768555559668149     
   3200.0000       1.6526315789473685        1.2629824439554225     
   3300.0000       1.5473684210526315        1.2795428546545469     
   3400.0000       1.4842105263157894        1.2385318804280192     
   3500.0000       1.3578947368421053        1.1599980895962874     
   3600.0000       1.2842105263157895        1.1113117701237185     
   3700.0000       1.1684210526315790        1.0627930588184025     
   3800.0000       1.0947368421052632        1.0669551779716682     
   3900.0000       1.0842105263157895        1.0825229584995741     
   4000.0000      0.95789473684210524        1.0353315204999411     
   4100.0000       1.0105263157894737        1.0512622672628544     
   4200.0000      0.95789473684210524        1.0043671951053947     
   4300.0000      0.87368421052631584       0.97594332517888494     
   4400.0000      0.84210526315789469       0.98745594943651149     
   4500.0000      0.78947368421052633        1.0041465278073112     
   4600.0000      0.70526315789473681       0.98273179090389950     
   4700.0000      0.65263157894736845       0.94888767071468949     
   4800.0000      0.58947368421052626       0.91184875064032478     
   4900.0000      0.56842105263157894       0.87842720189579226     
   5000.0000      0.56842105263157894       0.87842720189579226     
   5100.0000      0.50526315789473686       0.80620859532069933     
   5200.0000      0.46315789473684210       0.80538354793215039     
   5300.0000      0.41052631578947368       0.74684933789754782     
   5400.0000      0.35789473684210527       0.69457733416099454     
   5500.0000      0.32631578947368423       0.63977142732727343     
   5600.0000      0.32631578947368423       0.68736116704482142     
   5700.0000      0.31578947368421051       0.69982190057240679     
   5800.0000      0.25263157894736843       0.66440984581303153     
   5900.0000      0.27368421052631581       0.63977142732727343     
   6000.0000      0.23157894736842105       0.63994459593981745     
   6100.0000      0.20000000000000001       0.51503704516737125     
   6200.0000      0.18947368421052632       0.54858165140191084     
   6300.0000      0.17894736842105263       0.45834823278057352     
   6400.0000      0.15789473684210525       0.44285650458868692     
   6500.0000      0.12631578947368421       0.39046814717876649     
   6600.0000      0.15789473684210525       0.50919522620832947     
   6700.0000      0.10526315789473684       0.36917216666842484     
   6800.0000      9.47368421052631610E-002  0.29285111038407485     
   6900.0000      0.11578947368421053       0.38011515968984816     
   7000.0000      6.31578947368421073E-002  0.31823613595433625     
   7100.0000      7.36842105263157826E-002  0.29884356982270294     
   7200.0000      8.42105263157894718E-002  0.31332370665552034     
   7300.0000      4.21052631578947359E-002  0.20082930556146225     
   7400.0000      4.21052631578947359E-002  0.20082930556146225     
   7500.0000      4.21052631578947359E-002  0.20082930556146225     
   7600.0000      5.26315789473684181E-002  0.22329687826943606     
   7700.0000      3.15789473684210537E-002  0.17487629185090683     
   7800.0000      2.10526315789473679E-002  0.14355980733669321     
   7900.0000      2.10526315789473679E-002  0.14355980733669321     
   8000.0000      2.10526315789473679E-002  0.14355980733669321     
   8100.0000      2.10526315789473679E-002  0.14355980733669321     
   8200.0000       0.0000000000000000        0.0000000000000000     
   8300.0000       0.0000000000000000        0.0000000000000000     
   8400.0000       0.0000000000000000        0.0000000000000000     
   8500.0000       0.0000000000000000        0.0000000000000000     
   8600.0000       0.0000000000000000        0.0000000000000000     
   8700.0000       0.0000000000000000        0.0000000000000000     
   8800.0000       0.0000000000000000        0.0000000000000000     
   8900.0000       0.0000000000000000        0.0000000000000000     
   9000.0000       0.0000000000000000        0.0000000000000000     
   9100.0000      1.05263157894736840E-002  0.10205641805087008     
   9200.0000       0.0000000000000000        0.0000000000000000     
   9300.0000       0.0000000000000000        0.0000000000000000     
   9400.0000       0.0000000000000000        0.0000000000000000     
   9500.0000       0.0000000000000000        0.0000000000000000     
   9600.0000       0.0000000000000000        0.0000000000000000     
   9700.0000       0.0000000000000000        0.0000000000000000     
   9800.0000       0.0000000000000000        0.0000000000000000     
   9900.0000       0.0000000000000000        0.0000000000000000     
