   200.00000       7.0832896576470619       0.93244533812807839     
   300.00000       7.6911409425287358        1.0335757079092027     
   400.00000       8.3864730318181806        1.3045127297700756     
   500.00000       8.9747644527472517        2.1850897682138779     
   600.00000       9.3237143456521743        1.3489667193733723     
   700.00000       9.8031015804347810        1.5382318327141451     
   800.00000       10.396795865591397        1.8166622291855024     
   900.00000       10.956027582978724        2.0870743663271498     
  1000.00000       11.530464186170208        2.6161784751658552     
   1100.0000       12.699661886315784        4.5385239052659454     
   1200.0000       13.209780276344091        4.4038120718916618     
   1300.0000       13.354154588297874        3.8753070629067254     
   1400.0000       14.031979220212760        3.9443671976625714     
   1500.0000       14.398253132978722        4.0332442048460093     
   1600.0000       14.862330409574476        3.9559078580421092     
   1700.0000       15.546862353191488        4.6303505714432411     
   1800.0000       16.257482813684216        6.0617700950749311     
   1900.0000       16.467491241052635        6.3470171765700973     
   2000.0000       16.767585709574469        6.0328928477246651     
   2100.0000       17.566467621052634        7.1460601015683656     
   2200.0000       19.058623703157892        8.6780460188035384     
   2300.0000       19.599935621052627        8.9205713698323255     
   2400.0000       19.388208494736833        7.3395516923396702     
   2500.0000       19.531514905263158        8.4920277318494897     
   2600.0000       19.349051904255319        7.6957977414773753     
   2700.0000       21.017538168421041        9.8230666058080587     
   2800.0000       22.159530631578935        12.637611997345781     
   2900.0000       22.465846936842102        11.847726528706859     
   3000.0000       22.955891978947363        13.749085948605826     
   3100.0000       24.485897031578936        15.435135503629276     
   3200.0000       25.343526673684220        16.322249391899987     
   3300.0000       26.634828191489355        16.956542853735531     
   3400.0000       25.345572842105263        17.073314330777571     
   3500.0000       26.567757631578939        17.023685316000254     
   3600.0000       26.603796159574465        17.517447247430784     
   3700.0000       28.474323031578958        18.219161755940146     
   3800.0000       28.459336400000009        19.130994038902070     
   3900.0000       27.552351810526311        19.112264105759532     
   4000.0000       26.152046631578944        19.183284505663213     
   4100.0000       27.445499652631579        20.514233604812414     
   4200.0000       28.201644600000005        22.206691871668585     
   4300.0000       26.697334989473688        22.463915407370344     
   4400.0000       25.548752031578950        22.321026174196451     
   4500.0000       24.655501821052631        22.547434826286636     
   4600.0000       23.012068399999997        22.712182612510819     
   4700.0000       21.569657715789479        22.210443996883850     
   4800.0000       22.490361757894746        22.987160372266594     
   4900.0000       21.125378031578947        23.725389335228211     
   5000.0000       19.346865863157895        23.431011820672882     
   5100.0000       19.287321747368420        23.349794130707746     
   5200.0000       17.472331042105264        22.853046717450951     
   5300.0000       18.084822031578945        23.121830647194773     
   5400.0000       17.460164642105269        22.998433406331625     
   5500.0000       15.209528105263153        22.464172555288624     
   5600.0000       14.775868831578947        22.232775411334618     
   5700.0000       14.044922052631582        22.490214370624201     
   5800.0000       12.657298378947369        22.070846171875612     
   5900.0000       11.883064926315791        21.723966900502884     
   6000.0000       11.132603884210527        20.823957949802804     
   6100.0000       9.2235673263157896        18.522182739141321     
   6200.0000       8.6489099052631584        18.388533357564135     
   6300.0000       6.9828854210526314        17.058123365540222     
   6400.0000       7.9619150947368409        18.056787917493885     
   6500.0000       6.9671311578947375        16.890233818398372     
   6600.0000       5.6698531263157887        14.856878399109616     
   6700.0000       5.9432748105263160        15.480137210341795     
   6800.0000       6.1996590421052620        15.866035694373950     
   6900.0000       5.4948943052631574        14.801151114257030     
   7000.0000       5.1354086526315781        14.413603106012065     
   7100.0000       4.6311659157894747        13.582996255677367     
   7200.0000       3.6330928631578949        11.882420250371913     
   7300.0000       2.9572303263157891        10.484414353233293     
   7400.0000       3.5442563473684205        11.605806130622506     
   7500.0000       2.7991697684210526        10.635248225852511     
   7600.0000       2.9158865263157896        10.806409197917404     
   7700.0000       2.8812831368421055        10.693383107404703     
   7800.0000       3.5182567368421047        13.383751103147402     
   7900.0000       2.3411202631578947        11.655302998742453     
   8000.0000       2.5131879052631576        12.039104575475164     
   8100.0000       2.7533381894736846        12.140439349592439     
   8200.0000       1.7871445157894736        10.969245973817332     
   8300.0000       1.7851768526315788        10.897421225167172     
   8400.0000       1.5660076736842103        9.9775735627612736     
   8500.0000       0.0000000000000000        0.0000000000000000     
   8600.0000       0.0000000000000000        0.0000000000000000     
   8700.0000      0.27349298947368422        2.6516129124323102     
   8800.0000       0.0000000000000000        0.0000000000000000     
   8900.0000       0.0000000000000000        0.0000000000000000     
   9000.0000       0.0000000000000000        0.0000000000000000     
   9100.0000       0.0000000000000000        0.0000000000000000     
   9200.0000       0.0000000000000000        0.0000000000000000     
   9300.0000       0.0000000000000000        0.0000000000000000     
   9400.0000       0.0000000000000000        0.0000000000000000     
   9500.0000       0.0000000000000000        0.0000000000000000     
   9600.0000       0.0000000000000000        0.0000000000000000     
   9700.0000       0.0000000000000000        0.0000000000000000     
   9800.0000       0.0000000000000000        0.0000000000000000     
   9900.0000       0.0000000000000000        0.0000000000000000     
