   200.00000       8.4137403272727269        1.5561180845294731     
   300.00000       8.4357563636363633        1.5186462767684235     
   400.00000       9.1068012840000012        1.8673606314689739     
   500.00000       9.2886955704545500        1.5433836390357638     
   600.00000       9.4703898136986311        1.4501281556864891     
   700.00000       9.8102942975903655        1.5310633057389336     
   800.00000       10.297436864634149        2.0126572154921569     
   900.00000       10.521980219540229        1.6862136011291331     
  1000.00000       11.182484471428571        2.5002321131561507     
   1100.0000       11.046490954878047        2.0285624035301484     
   1200.0000       11.357702873333334        2.1959327633827543     
   1300.0000       11.465684147191011        2.2009540801362313     
   1400.0000       11.934102427272729        2.7442806435847600     
   1500.0000       12.277301509473684        3.0945156519796426     
   1600.0000       12.289493281052632        2.3689702673744373     
   1700.0000       12.566374769662920        2.8743036906300659     
   1800.0000       13.160487720454542        3.2285066620116356     
   1900.0000       13.397403720454546        3.7571412819082299     
   2000.0000       13.841713687912096        3.5950673401708273     
   2100.0000       13.872374663157897        3.3778824156053235     
   2200.0000       14.045800380412372        4.4404455900972710     
   2300.0000       14.395965504395608        3.2916361288933746     
   2400.0000       14.258332247826091        3.3727176947343729     
   2500.0000       14.960335921052629        4.6991768039757762     
   2600.0000       15.137420135416662        3.8399478160923834     
   2700.0000       15.413306497802202        4.1408038250052783     
   2800.0000       15.303864216304348        3.6393259354276437     
   2900.0000       16.631997646739123        6.0798685419270155     
   3000.0000       16.179076972631581        5.0478030920704713     
   3100.0000       17.367963130434784        6.2032181617371469     
   3200.0000       17.230388593749996        5.0786423323165906     
   3300.0000       18.210141553333333        6.2687387966692407     
   3400.0000       19.064485105555551        8.6579425865366613     
   3500.0000       18.529732281632658        8.4790332017236452     
   3600.0000       20.080935390425530        9.4578906827803220     
   3700.0000       17.999080123157896        6.7370542574030159     
   3800.0000       17.995392761702128        6.3652843137649695     
   3900.0000       19.109524635416665        6.6004103739794102     
   4000.0000       19.665646101086953        6.8414616452081294     
   4100.0000       20.317563781250005        8.8410776386345962     
   4200.0000       20.393898647916668        9.5652940756839175     
   4300.0000       21.936453277319593        10.347040246056199     
   4400.0000       22.476131947916667        11.017047613299507     
   4500.0000       22.096904591666672        11.697296903999796     
   4600.0000       23.808325236559135        11.731621167011520     
   4700.0000       23.872985042553182        12.606839417733276     
   4800.0000       23.706138684210529        10.707809446957077     
   4900.0000       24.261575094736848        10.678941900994104     
   5000.0000       24.756096790624998        12.947919282823511     
   5100.0000       25.487952528865975        13.578777476815032     
   5200.0000       25.245369871134024        13.264083237061129     
   5300.0000       26.211990063541673        15.275596351584229     
   5400.0000       27.731984376041677        17.113438386061382     
   5500.0000       26.356889747916671        15.846387453812644     
   5600.0000       25.664795846938766        15.213210555813058     
   5700.0000       27.617283816161617        17.434096986416584     
   5800.0000       28.363499653061222        18.710423277642064     
   5900.0000       28.202960381818173        17.893034826793773     
   6000.0000       25.999545734343439        17.923318875530420     
   6100.0000       27.539224350515479        18.112897723776371     
   6200.0000       26.687551393617024        17.913840193017784     
   6300.0000       26.445652725510204        17.804913709477720     
   6400.0000       26.193913047959171        17.050894743400324     
   6500.0000       27.043023758585857        17.488346599083567     
   6600.0000       25.623001693877541        17.661681400892100     
   6700.0000       26.274347011224499        18.977291610512886     
   6800.0000       27.346243897959194        18.574692984385685     
   6900.0000       25.443973198969069        19.465653438904912     
   7000.0000       27.008695744897953        19.342243088782691     
   7100.0000       24.174117239175260        17.443186217115198     
   7200.0000       26.007900477777778        19.130994049070420     
   7300.0000       26.174042934693880        18.601120412548674     
   7400.0000       25.283150150515461        19.151789282279871     
   7500.0000       26.622794020202022        20.825407452899750     
   7600.0000       24.745268195876285        20.730214498847225     
   7700.0000       23.014174604166666        20.505085464536478     
   7800.0000       24.559370781249999        19.790298214291258     
   7900.0000       24.264766948979599        19.939813676203460     
   8000.0000       22.506898434343427        19.583529498615786     
   8100.0000       24.200655972727279        20.804075312518613     
   8200.0000       22.678622989795915        21.265096764858807     
   8300.0000       23.632332257731964        23.389647042650399     
   8400.0000       20.898245540816323        21.431276229207405     
   8500.0000       17.932678164948456        19.473113537160831     
   8600.0000       21.064646929292930        21.677430979966172     
   8700.0000       21.144390171717173        21.690741865776953     
   8800.0000       20.467991535353534        21.205425789705597     
   8900.0000       19.838790364285718        22.166261815525953     
   9000.0000       18.355322744897965        21.563225108741864     
   9100.0000       17.670185323232321        20.634983388770433     
   9200.0000       18.179208142857149        21.317532313643174     
   9300.0000       17.391286424242427        20.558990505316768     
   9400.0000       15.584182214285715        20.078282678638772     
   9500.0000       16.376816889898993        19.509518575600275     
   9600.0000       19.030350262626261        21.697956297540916     
   9700.0000       16.997904051020409        21.972774905343886     
   9800.0000       17.729916434343437        21.789887659210979     
   9900.0000       16.121151373737376        21.516947290725469     
