   200.00000       6.4627602202702690        1.0289129036395093     
   300.00000       6.5598083685393282       0.85560656431783300     
   400.00000       6.9301052494623629       0.97861677067446706     
   500.00000       7.2952489926315760        1.0793411528561279     
   600.00000       7.7299048863157900        1.2100737245156743     
   700.00000       8.1393955010526309        1.2933712321695399     
   800.00000       8.5304443305263185        1.5934513573717306     
   900.00000       8.9020917800000028        1.7139962793513999     
  1000.00000       9.1505005541666637        1.9497457726191507     
   1100.0000       9.6077832177083327        2.1885639251515578     
   1200.0000       9.8474920294736812        2.0098629172631006     
   1300.0000       10.192257553125000        2.3897690711525392     
   1400.0000       10.625941924999999        2.6374444830287818     
   1500.0000       11.207842744791670        2.9802705225451667     
   1600.0000       11.611426137499997        3.5586704857197002     
   1700.0000       12.292613192708329        4.6135092957131940     
   1800.0000       12.795013486458338        5.0922711099285491     
   1900.0000       13.287592355208327        5.2976674498268208     
   2000.0000       14.369344390625004        7.7047839926645114     
   2100.0000       15.036530346875002        7.7406108608108681     
   2200.0000       16.361598576041661        10.066255545438670     
   2300.0000       16.132807773958334        8.3918417438994179     
   2400.0000       17.331023443749995        12.216903499187231     
   2500.0000       17.549806415624996        12.107496358574181     
   2600.0000       18.947078842708333        13.206043134444652     
   2700.0000       18.498659203124998        13.486773111013491     
   2800.0000       18.421923413541673        13.035417895858185     
   2900.0000       19.706951545833331        13.885505971892169     
   3000.0000       21.511307186458328        15.830679974221495     
   3100.0000       22.185701675000008        16.502982846222526     
   3200.0000       20.743992084374998        16.487750018595868     
   3300.0000       21.230160912499993        16.404676618431424     
   3400.0000       21.121624234374995        15.617742669152927     
   3500.0000       20.630155256250003        16.390105181407133     
   3600.0000       20.224747732291679        16.901601445586614     
   3700.0000       19.805348989583326        17.124940858876865     
   3800.0000       18.776574129166672        17.113388545583906     
   3900.0000       19.369852698958336        17.658083301272473     
   4000.0000       16.962880164583336        17.340175011151896     
   4100.0000       16.598094646875001        17.869105381630760     
   4200.0000       16.354346039583334        18.544975189345418     
   4300.0000       14.504129208333334        18.761285693544171     
   4400.0000       12.888846796874999        17.867697440743530     
   4500.0000       14.195316691666667        19.552438094980619     
   4600.0000       12.978846592708329        19.909712109275212     
   4700.0000       10.249581135416669        17.334555708738108     
   4800.0000       9.3679002302083330        16.764329660681831     
   4900.0000       10.081729645833333        18.312367654108574     
   5000.0000       7.9445039374999986        17.379764359887680     
   5100.0000       8.1185425729166649        18.200575956746135     
   5200.0000       8.2945178333333356        18.043843174264421     
   5300.0000       8.2156953520833333        18.182188276516861     
   5400.0000       7.6584628968750010        17.894409589647065     
   5500.0000       6.9339428749999996        16.430029547019032     
   5600.0000       5.7072059791666661        15.330777802091282     
   5700.0000       4.2984280937500001        12.783258557097376     
   5800.0000       3.2748025937499996        10.774056709098506     
   5900.0000       2.7835275312499999        9.8443662774909075     
   6000.0000       2.7347402291666669        9.6931385557487744     
   6100.0000       2.9771061354166672        10.258827059976818     
   6200.0000       2.6376139583333331        9.3121438148590432     
   6300.0000       2.3948381354166663        8.5144324470598765     
   6400.0000       1.9243716666666668        7.3770495214437073     
   6500.0000       1.6721469479166666        6.9836016164882082     
   6600.0000       2.0392027499999998        7.7993892199185204     
   6700.0000       1.9032862291666666        7.6023284200814132     
   6800.0000       1.8651344270833332        7.4511027110521439     
   6900.0000       1.7987055833333334        8.0024695246824553     
   7000.0000       1.1217298645833333        5.4461730165273119     
   7100.0000      0.95691742708333327        5.4163325080504592     
   7200.0000      0.74796708333333328        4.1979084120214472     
   7300.0000       1.1559928541666666        6.6411629813304440     
   7400.0000       1.1229564166666666        6.4757813035714005     
   7500.0000       1.0890691875000000        6.2943336840453794     
   7600.0000      0.82438354166666661        5.7190257706253798     
   7700.0000      0.81194134375000004        5.6338851611932093     
   7800.0000      0.33893259375000001        3.3035062880339336     
   7900.0000      0.33876979166666671        3.3019194896087773     
   8000.0000      0.33865662499999999        3.3008164773820896     
   8100.0000      0.33764894791666666        3.2909948560848634     
   8200.0000      0.33987716666666667        3.3127128459963604     
   8300.0000       0.0000000000000000        0.0000000000000000     
   8400.0000       0.0000000000000000        0.0000000000000000     
   8500.0000       0.0000000000000000        0.0000000000000000     
   8600.0000       0.0000000000000000        0.0000000000000000     
   8700.0000       0.0000000000000000        0.0000000000000000     
   8800.0000       0.0000000000000000        0.0000000000000000     
   8900.0000       0.0000000000000000        0.0000000000000000     
   9000.0000       0.0000000000000000        0.0000000000000000     
   9100.0000       0.0000000000000000        0.0000000000000000     
   9200.0000       0.0000000000000000        0.0000000000000000     
   9300.0000       0.0000000000000000        0.0000000000000000     
   9400.0000       0.0000000000000000        0.0000000000000000     
   9500.0000       0.0000000000000000        0.0000000000000000     
   9600.0000       0.0000000000000000        0.0000000000000000     
   9700.0000       0.0000000000000000        0.0000000000000000     
   9800.0000       0.0000000000000000        0.0000000000000000     
   9900.0000       0.0000000000000000        0.0000000000000000     
