   200.00000       6.6550128459770148       0.97296528523218706     
   300.00000       6.8709446430107519       0.90452138082755207     
   400.00000       7.3722302260416681        1.0232306636772213     
   500.00000       7.7315301187499985        1.2593286074071606     
   600.00000       8.1324836729166616        1.2815155921701806     
   700.00000       8.7094650855670093        1.8651080283413637     
   800.00000       9.0548232020618578        1.6639909314007855     
   900.00000       9.4459231104166665        1.8631631113377476     
  1000.00000       9.8496441427083337        2.1201253661925255     
   1100.0000       10.176671520833333        2.2347681144444445     
   1200.0000       10.715857969791664        2.3191985503458259     
   1300.0000       11.044706644329901        2.5151259972444362     
   1400.0000       11.305587695876286        2.6347303006779508     
   1500.0000       11.759090455670099        2.8301167963974825     
   1600.0000       12.818321720618551        6.1294705048900333     
   1700.0000       13.063886878350523        4.1065032625783875     
   1800.0000       14.622898279381442        8.6747059819772883     
   1900.0000       14.389398452577320        5.0047502644533424     
   2000.0000       15.089018379381448        5.7954033626697647     
   2100.0000       15.942492778124993        8.4107170130514124     
   2200.0000       16.836411284536080        8.5070788844451837     
   2300.0000       17.203050944329892        9.1315454743509434     
   2400.0000       17.006847347422678        8.3073331614855892     
   2500.0000       19.081580845360822        11.207428697351080     
   2600.0000       19.676110860824743        11.922036366042377     
   2700.0000       20.846734310309277        12.940225914061374     
   2800.0000       20.748153043298966        12.604759844807072     
   2900.0000       20.507199289690725        13.009418488098460     
   3000.0000       22.056653586597935        15.048977984287962     
   3100.0000       22.361691219587627        14.913459245669866     
   3200.0000       21.949933125773196        14.976220661975526     
   3300.0000       21.307069471134024        14.691888401567708     
   3400.0000       22.629123604123716        15.714700786205775     
   3500.0000       21.749030597938148        16.158717308968335     
   3600.0000       21.832774351546398        16.367785155211877     
   3700.0000       21.493828394845366        16.241950464392346     
   3800.0000       21.035142953608258        17.506724533715076     
   3900.0000       20.916095939175257        17.238880196268987     
   4000.0000       21.137535422680408        17.770866899062614     
   4100.0000       22.478313608247429        19.590940932679679     
   4200.0000       21.983136505154636        18.817580165152805     
   4300.0000       21.292508268041235        19.251974262421495     
   4400.0000       22.083446432989689        20.802366405654016     
   4500.0000       21.682965350515460        21.710748472251201     
   4600.0000       21.663457917525779        21.650170388525197     
   4700.0000       20.717953649484539        21.616844432192988     
   4800.0000       19.715423402061859        21.572898178323996     
   4900.0000       17.722730783505153        21.724646670363494     
   5000.0000       16.220148020618559        21.596515638549199     
   5100.0000       15.104557927835049        21.653079905091108     
   5200.0000       14.132952134020616        21.256366956507378     
   5300.0000       11.987540927835049        20.390125441258643     
   5400.0000       12.173199206185568        21.385181737842810     
   5500.0000       12.282307082474230        21.425404018773097     
   5600.0000       10.029360711340205        20.162252556287772     
   5700.0000       9.2003587938144324        19.489811661498553     
   5800.0000       8.6839339072164954        19.401556344935546     
   5900.0000       7.0452253298969065        17.601143280787522     
   6000.0000       6.8596179587628869        17.424133418067118     
   6100.0000       3.7315537010309279        12.885770619210549     
   6200.0000       2.6516476907216493        11.319258917893587     
   6300.0000       2.9434855876288664        11.874372914262532     
   6400.0000       2.9024523402061853        11.740328511817157     
   6500.0000       2.8568327010309278        11.576542912612849     
   6600.0000       2.4131261443298970        10.820301967027319     
   6700.0000       1.5213936597938145        6.8725559286619449     
   6800.0000       1.5377424536082474        9.0784170445660113     
   6900.0000      0.75452792783505163        4.2583222128231704     
   7000.0000      0.45457968041237112        3.1480734056507438     
   7100.0000      0.66492069072164939        3.7309994307225081     
   7200.0000      0.42635779381443301        2.9498613331277110     
   7300.0000      0.60200837113402061        4.2777162379871481     
   7400.0000      0.59355158762886595        4.2147906127854977     
   7500.0000      0.35982391752577320        3.5255399807497674     
   7600.0000      0.34812824742268039        3.4109462849397598     
   7700.0000      0.33862709278350517        3.3178543616067340     
   7800.0000      0.33119354639175258        3.2450207790503307     
   7900.0000       0.0000000000000000        0.0000000000000000     
   8000.0000       0.0000000000000000        0.0000000000000000     
   8100.0000       0.0000000000000000        0.0000000000000000     
   8200.0000       0.0000000000000000        0.0000000000000000     
   8300.0000       0.0000000000000000        0.0000000000000000     
   8400.0000       0.0000000000000000        0.0000000000000000     
   8500.0000       0.0000000000000000        0.0000000000000000     
   8600.0000       0.0000000000000000        0.0000000000000000     
   8700.0000       0.0000000000000000        0.0000000000000000     
   8800.0000       0.0000000000000000        0.0000000000000000     
   8900.0000       0.0000000000000000        0.0000000000000000     
   9000.0000       0.0000000000000000        0.0000000000000000     
   9100.0000       0.0000000000000000        0.0000000000000000     
   9200.0000       0.0000000000000000        0.0000000000000000     
   9300.0000       0.0000000000000000        0.0000000000000000     
   9400.0000       0.0000000000000000        0.0000000000000000     
   9500.0000       0.0000000000000000        0.0000000000000000     
   9600.0000       0.0000000000000000        0.0000000000000000     
   9700.0000       0.0000000000000000        0.0000000000000000     
   9800.0000       0.0000000000000000        0.0000000000000000     
   9900.0000       0.0000000000000000        0.0000000000000000     
