          10   20.788596659793818        3.9004989517062505     
          20   20.789640618556696        3.9007133424560783     
          30   20.791654432989692        3.9006573774502211     
          40   20.794460134020628        3.9010598919352844     
          50   20.796269123711348        3.9018279256577713     
          60   20.795741773195875        3.9036260570324361     
          70   20.793616907216489        3.9013662909702558     
          80   20.792922360824743        3.9038163289252981     
          90   20.793492649484534        3.9046853991975263     
         100   20.793042639175248        3.9059705629065617     
         110   20.794021103092778        3.9042744323740686     
         120   20.791484731958754        3.9019685960668316     
         130   20.785850278350516        3.9018437591520239     
         140   20.777306030927843        3.9025940736748259     
         150   20.766216979381433        3.9062633157108921     
         160   20.754293216494840        3.9100880183006503     
         170   20.741705360824742        3.9129721870539709     
         180   20.728239886597937        3.9162363728686929     
         190   20.714166804123725        3.9216180374396625     
         200   20.697358680412371        3.9270463445589496     
         210   20.680811072164943        3.9330553190253683     
         220   20.662020010309288        3.9381429437852864     
         230   20.641682597938139        3.9428300857404390     
         240   20.624170793814429        3.9489011108962471     
         250   20.606937185567020        3.9534663851755107     
         260   20.588123175257731        3.9608582849399241     
         270   20.567137989690721        3.9675647604390925     
         280   20.547866515463912        3.9706628858886348     
         290   20.528306577319601        3.9727238008223806     
         300   20.510191618556693        3.9760357801739832     
         310   20.492637123711344        3.9782411300879699     
         320   20.472911402061850        3.9819315905358437     
         330   20.453526144329910        3.9885794443221134     
         340   20.432889556701035        3.9950586563594088     
         350   20.413092721649480        4.0007793131968388     
         360   20.392847226804122        4.0068390482839344     
         370   20.373697721649489        4.0136009800340968     
         380   20.350966989690715        4.0194160515653810     
         390   20.327962711340213        4.0253725203981405     
         400   20.306714793814432        4.0317395829233051     
         410   20.287344896907214        4.0356393973969542     
         420   20.268651206185567        4.0389408801127420     
         430   20.251483195876286        4.0430000831249915     
         440   20.232047422680409        4.0470222510644298     
         450   20.211380247422674        4.0503176200664726     
         460   20.190506680412373        4.0546534397073932     
         470   20.167945412371125        4.0596873267987004     
         480   20.145074175257733        4.0655597862372437     
         490   20.122920948453615        4.0707342264124895     
         500   20.097943391752576        4.0767988336576257     
         510   20.071666010309276        4.0829747365607467     
         520   20.044927030927838        4.0888747202357942     
         530   20.017793865979392        4.0952073816636174     
         540   19.991805206185568        4.1014550609161171     
         550   19.964940783505153        4.1065890823785649     
         560   19.937548412371125        4.1107997530915448     
         570   19.911752556701035        4.1172214420415241     
         580   19.884275845360825        4.1263156369034277     
         590   19.857930020618561        4.1355211096035651     
         600   19.829693082474225        4.1427589606744490     
         610   19.805137587628867        4.1478059147736639     
         620   19.782061247422678        4.1524979308705925     
         630   19.757685690721647        4.1555995829830401     
         640   19.733143896907219        4.1575894360627217     
         650   19.709705278350516        4.1611237913936989     
         660   19.687016092783505        4.1664897662340605     
         670   19.662331329896897        4.1700974389677610     
         680   19.636960329896908        4.1747255958676188     
         690   19.613278237113391        4.1769038596892072     
         700   19.589643113402065        4.1821852009165168     
         710   19.563976577319583        4.1882891886134264     
         720   19.537376206185556        4.1937644802250036     
         730   19.508659958762891        4.1996821271338014     
         740   19.478223515463920        4.2076921405750314     
         750   19.447420010309276        4.2154052153721802     
         760   19.418129453608252        4.2224188573691510     
         770   19.386992639175258        4.2291575213692392     
         780   19.360306628865981        4.2366595265076787     
         790   19.332362659793812        4.2414792370324657     
         800   19.305579319587633        4.2460944947742121     
         810   19.279450546391757        4.2500355527114948     
         820   19.253384195876279        4.2547579284733175     
         830   19.228172350515468        4.2561705940877843     
         840   19.201861783505141        4.2588979958683666     
         850   19.177316690721653        4.2607931784772148     
         860   19.151029896907215        4.2623209747104926     
         870   19.122921721649476        4.2658657544095488     
         880   19.096551290721646        4.2692622135965479     
         890   19.069916120618561        4.2729413877589604     
         900   19.043147018556706        4.2785361940940643     
         910   19.015509112371138        4.2825429614455794     
         920   18.984707829896909        4.2867329505473197     
         930   18.953005655670111        4.2907424399447516     
         940   18.922822969072158        4.2953129616445915     
         950   18.891589129896907        4.2998118013407698     
         960   18.860176330927839        4.3022801545966169     
         970   18.828139673195874        4.3014077105381308     
         980   18.795395409278349        4.3016352022640065     
         990   18.763503236082464        4.3015865514086329     
        1000   18.732366652577319        4.3023427688052900     
        1010   18.702185000000000        4.3022761183940350     
        1020   18.670926144329894        4.3009948121695949     
        1030   18.641468402061861        4.3032350120930465     
        1040   18.609505708247422        4.3052189788561410     
        1050   18.577623461855669        4.3058372023824107     
        1060   18.547992149484539        4.3075291689674025     
        1070   18.515271470103094        4.3111422081071389     
        1080   18.483492261855670        4.3175890023494832     
        1090   18.451651456701029        4.3204273043725721     
        1100   18.421120555670097        4.3253449877205137     
        1110   18.392019394845356        4.3297428011856676     
        1120   18.360815215463919        4.3345603625651208     
        1130   18.331723667010316        4.3359415818636311     
        1140   18.304322765979382        4.3373841763460055     
        1150   18.277836526804130        4.3376134352245161     
        1160   18.252680927835051        4.3392285948426119     
        1170   18.225644554639178        4.3430646522971195     
        1180   18.197347124742276        4.3456244279231955     
        1190   18.169651828865980        4.3472027670116438     
        1200   18.139239879381439        4.3511692447442982     
        1210   18.107388125773195        4.3525849529680265     
        1220   18.075066514432990        4.3547363173408833     
        1230   18.040833382474222        4.3562502931091158     
        1240   18.005650781443290        4.3564136479054190     
        1250   17.971460593814435        4.3609526410770272     
        1260   17.936940704123707        4.3642930208372297     
        1270   17.902631003092786        4.3668763568598763     
        1280   17.866797007216494        4.3690754445010196     
        1290   17.834053251546386        4.3724377504811063     
        1300   17.802006061855671        4.3747756618970719     
        1310   17.769401229896904        4.3757159489962438     
        1320   17.736757872164958        4.3755419959482449     
        1330   17.704529922680415        4.3748423080966257     
        1340   17.672335673195885        4.3738299367215898     
        1350   17.641608307216490        4.3744193529319579     
        1360   17.610219737113404        4.3747735679897364     
        1370   17.578599327835043        4.3721939096541123     
        1380   17.546686892783502        4.3708479134832050     
        1390   17.516187655670105        4.3706882006122889     
        1400   17.485937221649490        4.3734776214000686     
        1410   17.453723397938145        4.3771516401165549     
        1420   17.419753649484530        4.3792080764569379     
        1430   17.387030449484534        4.3784283984477783     
        1440   17.353505016494843        4.3765943395948828     
        1450   17.320155326804123        4.3774052703244930     
        1460   17.286517312371135        4.3775059547559625     
        1470   17.254969637113408        4.3791485221744439     
        1480   17.221457936082476        4.3807103777427852     
        1490   17.189136490721644        4.3822849609128554     
        1500   17.157550964948449        4.3863011513248695     
        1510   17.127007268041240        4.3875168770203130     
        1520   17.095200281443304        4.3866467115435741     
        1530   17.066945079381437        4.3861552324678064     
        1540   17.035834590721656        4.3865898871351510     
        1550   17.003671734020621        4.3845946359900898     
        1560   16.972511877319594        4.3826949663496864     
        1570   16.941643649484540        4.3813578285814039     
        1580   16.912268796907220        4.3810190740150743     
        1590   16.880051905154641        4.3813712285203250     
        1600   16.847668378350519        4.3834254977172389     
        1610   16.817973476288657        4.3860444468084516     
        1620   16.786841883505144        4.3902150611967610     
        1630   16.756010653608232        4.3921605994326134     
        1640   16.722507326804124        4.3954390835306887     
        1650   16.689962763917531        4.3978874235127599     
        1660   16.657500060824738        4.4004437140914803     
        1670   16.623821945360827        4.4026167295741176     
        1680   16.590798241237110        4.4060197624242230     
        1690   16.558292037113407        4.4082848324397421     
        1700   16.523767702061857        4.4087056752080294     
        1710   16.490971406185576        4.4087091890490919     
        1720   16.456736355670099        4.4113051406492723     
        1730   16.423388709278349        4.4142809881240321     
        1740   16.390726186597934        4.4171369181066309     
        1750   16.355940339175266        4.4202018035609782     
        1760   16.322186991752581        4.4238847879618959     
        1770   16.288175954639172        4.4265536872545503     
        1780   16.254453598969071        4.4312493978452272     
        1790   16.219074356701029        4.4339104574745249     
        1800   16.183647315463915        4.4367609535767274     
        1810   16.148191616494849        4.4397748655973324     
        1820   16.113271322680419        4.4433325716198935     
        1830   16.076684819587626        4.4456417259450944     
        1840   16.040242300000006        4.4471784389190194     
        1850   16.003841303092784        4.4488007998374712     
        1860   15.967388820618556        4.4524851658081248     
        1870   15.931593205154629        4.4555881218463700     
        1880   15.894396852577325        4.4575999550605623     
        1890   15.859575806185566        4.4615383119575558     
        1900   15.824503270103090        4.4632172125513430     
        1910   15.787551321649477        4.4644909178609673     
        1920   15.751627496907224        4.4669555728184367     
        1930   15.715992363917527        4.4697477541244259     
        1940   15.680242332989703        4.4709978227151534     
        1950   15.644535819587633        4.4740732134845533     
        1960   15.609883893814443        4.4753921549318294     
        1970   15.574402667010306        4.4756324327895944     
        1980   15.537070090721645        4.4758234811279456     
        1990   15.500563435051546        4.4770407032384583     
        2000   15.462603962886586        4.4782834877834663     
        2010   15.423817408247423        4.4810386295857176     
        2020   15.387021472164941        4.4832903479598905     
        2030   15.349177760824741        4.4869764072383447     
        2040   15.312442474226808        4.4904502451238413     
        2050   15.277240204123720        4.4922853655281312     
        2060   15.241258073195876        4.4933884706980081     
        2070   15.202782217525776        4.4951755052428943     
        2080   15.167825671134025        4.4974943086055159     
        2090   15.134241078350517        4.4987118339100114     
        2100   15.099512307216497        4.4982669495007315     
        2110   15.064908506185565        4.4993927375833085     
        2120   15.032365289690718        4.5020116679451103     
        2130   14.997904474226807        4.5035073397137575     
        2140   14.965402838144330        4.5045361557561723     
        2150   14.930986211340203        4.5068296087759574     
        2160   14.896291195876287        4.5099901651726340     
        2170   14.858864151546392        4.5115813008728507     
        2180   14.820593097938145        4.5131794570764345     
        2190   14.780282380412375        4.5106154711488742     
        2200   14.738299047422684        4.5086670553324968     
        2210   14.698526071134022        4.5082830537484933     
        2220   14.659358153608249        4.5073798046606512     
        2230   14.620420548453600        4.5085065587045223     
        2240   14.582893582474226        4.5124838112849357     
        2250   14.543361701030932        4.5164809737955176     
        2260   14.506213894845354        4.5175689822103617     
        2270   14.468012490721653        4.5186848611786425     
        2280   14.429743626804123        4.5192066470398506     
        2290   14.390171504123712        4.5204547724121662     
        2300   14.350927127835050        4.5222409154680312     
        2310   14.313025397938141        4.5251549017667534     
        2320   14.274461115463918        4.5285389588994853     
        2330   14.236464982474226        4.5303465068973363     
        2340   14.198818601030935        4.5308984618189472     
        2350   14.162066223711332        4.5319850044748069     
        2360   14.125956752577327        4.5338927720516891     
        2370   14.092347388659794        4.5357501043831840     
        2380   14.057098589690717        4.5373992948335387     
        2390   14.022521854639177        4.5394375513793932     
        2400   13.987098371134012        4.5409989695227067     
        2410   13.951314026804122        4.5396304567836543     
        2420   13.915474254639175        4.5394347488926838     
        2430   13.878847949484539        4.5385931606031598     
        2440   13.842523880412376        4.5401036438751579     
        2450   13.807311823711343        4.5418845809135853     
        2460   13.771125994845363        4.5437285920146993     
        2470   13.736717061855670        4.5458782901809061     
        2480   13.702240758762892        4.5462853194793391     
        2490   13.668939356701030        4.5469061065655625     
        2500   13.635440826804123        4.5465766383231436     
        2510   13.598275076288663        4.5464397460009920     
        2520   13.560432204123710        4.5460929253442952     
        2530   13.523466222680417        4.5445778290003753     
        2540   13.486093493814431        4.5443174264143638     
        2550   13.448461252577317        4.5449463238417218     
        2560   13.412118207216494        4.5441314264484411     
        2570   13.375523693814431        4.5435006597400669     
        2580   13.338917460824741        4.5458434078189907     
        2590   13.301120531958761        4.5470895169265084     
        2600   13.264655743298970        4.5501561172759111     
        2610   13.228594345360822        4.5518524206511932     
        2620   13.191961624742271        4.5541223495474989     
        2630   13.156138049484539        4.5549681221891829     
        2640   13.119424278350516        4.5548469813424495     
        2650   13.080340971134024        4.5571295870172603     
        2660   13.044594426804126        4.5589570472188772     
        2670   13.007247690721650        4.5619059702147382     
        2680   12.968295496907222        4.5650974624696516     
        2690   12.930396763917528        4.5673829010275133     
        2700   12.893989531958766        4.5696500546596717     
        2710   12.859698871134016        4.5712009426787086     
        2720   12.827224608247420        4.5719327484269234     
        2730   12.791567535051547        4.5727447691489900     
        2740   12.755703387628868        4.5713108405387457     
        2750   12.721110537113404        4.5699138280801277     
        2760   12.687801942268036        4.5677913334482731     
        2770   12.654038143298971        4.5659820228545946     
        2780   12.617718762886598        4.5662732642367549     
        2790   12.584504863917534        4.5654740655349952     
        2800   12.550168788659800        4.5659632493093723     
        2810   12.517943738144329        4.5658132044260462     
        2820   12.484601059793809        4.5663607366243415     
        2830   12.450231332989695        4.5684404145080713     
        2840   12.415421406185569        4.5703080773411466     
        2850   12.380357245360829        4.5712660121433339     
        2860   12.343864941237115        4.5712919165824362     
        2870   12.308781193814438        4.5723085286874490     
        2880   12.276497359793808        4.5749735118508275     
        2890   12.243107789690724        4.5767721120761404     
        2900   12.207305727835056        4.5790749319540449     
        2910   12.172102565979376        4.5788975694908318     
        2920   12.134978588659793        4.5800799962231338     
        2930   12.098323288659794        4.5797346303028821     
        2940   12.061578763917522        4.5792937228098278     
        2950   12.025459729896909        4.5760366137474611     
        2960   11.990541063917524        4.5739187401574721     
        2970   11.951629168041238        4.5708344566868071     
        2980   11.912536808247420        4.5653645815515302     
        2990   11.877090810309276        4.5621172716032001     
        3000   11.840801285567011        4.5590880538301803     
        3010   11.802527815463916        4.5543444994481810     
        3020   11.763490870103091        4.5515726313463256     
        3030   11.725028158762886        4.5486781905702580     
        3040   11.685873367010313        4.5473785935366013     
        3050   11.649052096907221        4.5449038557312571     
        3060   11.612347271134018        4.5438363092947016     
        3070   11.573845703092783        4.5435889469339532     
        3080   11.533241785567013        4.5446408969015071     
        3090   11.493933598969072        4.5433547395801748     
        3100   11.452382895876291        4.5417156905368525     
        3110   11.413650045360821        4.5388463192734800     
        3120   11.375510418556704        4.5389008538738027     
        3130   11.336654157731962        4.5387095827187176     
        3140   11.296527638144331        4.5391029691325544     
        3150   11.257981902061852        4.5400646938482261     
        3160   11.218028304123713        4.5396618210092985     
        3170   11.178313306185569        4.5362828375774393     
        3180   11.137667368041233        4.5351075310768989     
        3190   11.098118852577318        4.5352331122636533     
        3200   11.058637380412376        4.5346275608614439     
        3210   11.018116313402059        4.5348760185558747     
        3220   10.979114110309281        4.5328793691351219     
        3230   10.940504945360821        4.5314474638771873     
        3240   10.901192841237112        4.5317589286410280     
        3250   10.865741232989686        4.5296058159279529     
        3260   10.827279112371137        4.5295394117282548     
        3270   10.790055198969073        4.5294098106505327     
        3280   10.754524142268037        4.5267855811523035     
        3290   10.717913198969068        4.5242399561240374     
        3300   10.680184800000001        4.5227966751398458     
        3310   10.641906922680413        4.5200081238953471     
        3320   10.604200660824743        4.5165636514555283     
        3330   10.566401496907211        4.5133278308844194     
        3340   10.528292786597936        4.5097413431742632     
        3350   10.490033867010309        4.5069873379291456     
        3360   10.451811042268043        4.5043269135406749     
        3370   10.414333276288660        4.4985542588499294     
        3380   10.376042551546391        4.4952566072054756     
        3390   10.338746886597937        4.4895388917744858     
        3400   10.300596437113402        4.4828435809660432     
        3410   10.261193008247421        4.4795325328915467     
        3420   10.223123078350518        4.4747833025805681     
        3430   10.185688286597939        4.4694518751851096     
        3440   10.147100736082473        4.4660959906965303     
        3450   10.109881413402068        4.4632422635091800     
        3460   10.071990011340205        4.4600085928301576     
        3470   10.032952408247427        4.4570915519867356     
        3480   9.9941102268041249        4.4545214268727857     
        3490   9.9567693824742260        4.4517180058625323     
        3500   9.9179222907216449        4.4477133446223300     
        3510   9.8810888577319567        4.4416788231122988     
        3520   9.8440080814432989        4.4382886399061894     
        3530   9.8057249804123732        4.4329932660303744     
        3540   9.7692147051546403        4.4272417078839190     
        3550   9.7312314154639168        4.4224345467515498     
        3560   9.6937526639175218        4.4180264269537552     
        3570   9.6582131783505112        4.4115318656748919     
        3580   9.6218934587628855        4.4054532515495941     
        3590   9.5844516835051525        4.3991060374030502     
        3600   9.5510828577319558        4.3918465959601054     
        3610   9.5147391907216452        4.3859379889192169     
        3620   9.4807497721649447        4.3776943881852715     
        3630   9.4454794360824739        4.3711411125231550     
        3640   9.4086326865979348        4.3647176612977585     
        3650   9.3732000010309271        4.3580847478806026     
        3660   9.3365090948453631        4.3525126766518305     
        3670   9.2992727041237107        4.3436153566027143     
        3680   9.2652373154639154        4.3364512074387163     
        3690   9.2275838783505169        4.3285961101963313     
        3700   9.1915726835051572        4.3230574608890029     
        3710   9.1551996092783501        4.3168179797121020     
        3720   9.1191674948453567        4.3140858504597004     
        3730   9.0829329515463915        4.3080763471475754     
        3740   9.0461179206185598        4.3013785649482266     
        3750   9.0094152061855688        4.2960167738972181     
        3760   8.9719753144329886        4.2908566001076558     
        3770   8.9349103814433004        4.2839897722981393     
        3780   8.9012785680412367        4.2789618404637055     
        3790   8.8663766278350522        4.2766344603228887     
        3800   8.8316943783505142        4.2729876352605629     
        3810   8.7973554855670120        4.2698055374049249     
        3820   8.7647653804123671        4.2661302220711841     
        3830   8.7309728453608262        4.2627854196061570     
        3840   8.6990077515463966        4.2595307774240796     
        3850   8.6681345536082510        4.2555742936855649     
        3860   8.6347714628865955        4.2515562342691746     
        3870   8.6028064824742252        4.2460594641606484     
        3880   8.5705918298969106        4.2373675036260776     
        3890   8.5343878020618540        4.2298966244432190     
        3900   8.4977844329896897        4.2219626417148897     
        3910   8.4646672288659790        4.2116904585561485     
        3920   8.4318958567010327        4.1997932707572456     
        3930   8.3957840577319587        4.1901722976562024     
        3940   8.3626108154639169        4.1808578656652822     
        3950   8.3306703711340209        4.1717356738576949     
        3960   8.2969226371134024        4.1638270659994721     
        3970   8.2628644680412346        4.1566932792050117     
        3980   8.2296717762886615        4.1474582585302011     
        3990   8.1971039484536057        4.1382994334156544     
        4000   8.1653324432989685        4.1305794457458180     
        4010   8.1312715948453604        4.1203424483392048     
        4020   8.0983648164948470        4.1099522649582276     
        4030   8.0670503072164923        4.1013178934049854     
        4040   8.0345896628865958        4.0917062186566060     
        4050   7.9993806226804116        4.0832536597490092     
        4060   7.9660495896907211        4.0745036326546433     
        4070   7.9338588360824751        4.0674621330738852     
        4080   7.9009897360824786        4.0602662773816665     
        4090   7.8677205814432991        4.0491207903830952     
        4100   7.8336867247422690        4.0382199384089157     
        4110   7.8003816938144341        4.0272346479565782     
        4120   7.7655989195876307        4.0158067318361166     
        4130   7.7325033999999988        4.0048507136115985     
        4140   7.7011187835051507        3.9936134268421717     
        4150   7.6705286268041251        3.9856034761868391     
        4160   7.6370675505154608        3.9765445646026292     
        4170   7.6043237494845339        3.9654627726725620     
        4180   7.5757442773195889        3.9538190448189066     
        4190   7.5467250350515425        3.9439926549688979     
        4200   7.5177456432989676        3.9343146825593815     
        4210   7.4867529412371141        3.9227039186590154     
        4220   7.4531618309278365        3.9117169024849878     
        4230   7.4225275536082469        3.8979896651458352     
        4240   7.3933574144329901        3.8823966958560692     
        4250   7.3622115752577333        3.8668691183210937     
        4260   7.3317085793814467        3.8544563579043736     
        4270   7.3018228659793811        3.8418963272916731     
        4280   7.2715695195876267        3.8278674752931869     
        4290   7.2426881474226850        3.8145501431494409     
        4300   7.2156029319587622        3.8010303871520645     
        4310   7.1878126567010323        3.7895676659409983     
        4320   7.1591175824742255        3.7765572462619126     
        4330   7.1313656587628849        3.7637560392817861     
        4340   7.1043763680412342        3.7507616640370776     
        4350   7.0766672175257730        3.7372398563328986     
        4360   7.0502708350515499        3.7260776835570928     
        4370   7.0231925618556685        3.7134665242636120     
        4380   6.9943215175257762        3.7018886271471567     
        4390   6.9661554443298970        3.6892434809766317     
        4400   6.9405409443298982        3.6747851114341112     
        4410   6.9152245474226817        3.6608579341505494     
        4420   6.8885907391752577        3.6479434284919128     
        4430   6.8621581896907218        3.6342558900275437     
        4440   6.8370010123711351        3.6210277453472886     
        4450   6.8116394474226807        3.6070015753030171     
        4460   6.7861905092783514        3.5925199611268535     
        4470   6.7604354999999998        3.5816425316488081     
        4480   6.7332151360824746        3.5692900174604216     
        4490   6.7049689453608279        3.5547956236236948     
        4500   6.6763589628865985        3.5401048109637214     
        4510   6.6470875443298967        3.5301726941204308     
        4520   6.6169243546391741        3.5169032857488558     
        4530   6.5905428659793808        3.4998090793593044     
        4540   6.5598272690721648        3.4854934517417608     
        4550   6.5299947030927852        3.4736766611967642     
        4560   6.5001791329896879        3.4614354533626592     
        4570   6.4714408175257736        3.4492684373295490     
        4580   6.4444688876288643        3.4356181510290780     
        4590   6.4152415896907220        3.4229720118427216     
        4600   6.3833896082474197        3.4124778737575334     
        4610   6.3521556061855664        3.4023534788442009     
        4620   6.3231083010309295        3.3885248282868652     
        4630   6.2929708453608262        3.3767701506087313     
        4640   6.2641747020618528        3.3652536375322648     
        4650   6.2377388175257753        3.3515096996469214     
        4660   6.2115150752577328        3.3392526199400585     
        4670   6.1844290134020605        3.3276460456373353     
        4680   6.1597388237113364        3.3141561722022694     
        4690   6.1333363226804112        3.3011560790718422     
        4700   6.1066629701030930        3.2873306113646703     
        4710   6.0810202350515450        3.2717295134918412     
        4720   6.0542732948453573        3.2580899426072931     
        4730   6.0268888175257764        3.2439951493876764     
        4740   6.0029610257731960        3.2312771540593586     
        4750   5.9771657309278341        3.2191333394349013     
        4760   5.9516458907216476        3.2057646904477379     
        4770   5.9284890288659780        3.1912750846245159     
        4780   5.9026805412371157        3.1784716517294100     
        4790   5.8793613082474234        3.1616004906119701     
        4800   5.8555584154639195        3.1453830313454638     
        4810   5.8291932525773200        3.1322504787684018     
        4820   5.8064422144329910        3.1184313956487575     
        4830   5.7823724134020615        3.1020021113688667     
        4840   5.7580708000000023        3.0871422911803443     
        4850   5.7372364938144305        3.0735211694362250     
        4860   5.7162375515463930        3.0583455344123509     
        4870   5.6931327164948442        3.0455585933843268     
        4880   5.6707478010309265        3.0305206126573920     
        4890   5.6475477288659803        3.0183786576950098     
        4900   5.6234282268041236        3.0051870182546931     
        4910   5.6022331505154641        2.9908872230155414     
        4920   5.5814063536082452        2.9794140305526162     
        4930   5.5581623432989691        2.9676433788568399     
        4940   5.5359954247422669        2.9556511710543489     
        4950   5.5162387639175243        2.9421962956146781     
        4960   5.4970884195876275        2.9303514794014442     
        4970   5.4746844742268053        2.9189576551104262     
        4980   5.4525471422680409        2.9060808710632475     
        4990   5.4327815608247425        2.8925299163504063     
        5000   5.4092749876288631        2.8778292743891698     
        5010   5.3877697082474238        2.8626950759485124     
        5020   5.3680162731958756        2.8470738804802131     
        5030   5.3478516237113425        2.8322343528352958     
        5040   5.3247871876288642        2.8212882872090139     
        5050   5.3038145340206180        2.8076491803742409     
        5060   5.2849912670103105        2.7958218529833703     
        5070   5.2636126474226810        2.7838579228929032     
        5080   5.2437760103092810        2.7713018841159061     
        5090   5.2241650288659782        2.7591724990474584     
        5100   5.2032348773195878        2.7484912718272643     
        5110   5.1836052051546408        2.7381258886331366     
        5120   5.1657776154639201        2.7261087489883149     
        5130   5.1481642051546412        2.7163122590812403     
        5140   5.1281619453608247        2.7081238802476797     
        5150   5.1098087041237106        2.6991171689626103     
        5160   5.0893845237113418        2.6866874812726294     
        5170   5.0709189536082482        2.6744450289318964     
        5180   5.0502640628865976        2.6622172194259597     
        5190   5.0273651340206200        2.6491391938839270     
        5200   5.0074545432989712        2.6351839098186716     
        5210   4.9868434608247432        2.6233679039573183     
        5220   4.9697308113402077        2.6119143238516256     
        5230   4.9511743742268051        2.5987731495542299     
        5240   4.9315993216494842        2.5886029761182550     
        5250   4.9129186412371126        2.5760090815975190     
        5260   4.8959762144329897        2.5611735897504291     
        5270   4.8772777030927834        2.5495618526493504     
        5280   4.8605563422680396        2.5367897524102490     
        5290   4.8458194999999984        2.5223688761722736     
        5300   4.8269772731958742        2.5118740840775309     
        5310   4.8108742371134019        2.5003136307998139     
        5320   4.7935527288659792        2.4866743543317171     
        5330   4.7750434896907201        2.4749122079867250     
        5340   4.7616321783505144        2.4629727573064275     
        5350   4.7442852567010307        2.4510734416029143     
        5360   4.7284013567010321        2.4387384284932940     
        5370   4.7120142855670091        2.4295965660549679     
        5380   4.6953068206185558        2.4185005668281119     
        5390   4.6797056505154639        2.4090129117211645     
        5400   4.6644736298969063        2.3964012133604071     
        5410   4.6483531402061864        2.3826616355356052     
        5420   4.6354128474226792        2.3694473750874305     
        5430   4.6190682649484538        2.3583995944185894     
        5440   4.6014534041237125        2.3474122739553809     
        5450   4.5853629278350514        2.3372825731295941     
        5460   4.5704696350515448        2.3251445778292772     
        5470   4.5561138711340208        2.3134784943563527     
        5480   4.5396182041237134        2.3030997044637309     
        5490   4.5230422195876292        2.2911387369722647     
        5500   4.5089119969072176        2.2794974669660673     
        5510   4.4941865309278368        2.2669299848439937     
        5520   4.4792088092783509        2.2552877248106773     
        5530   4.4645320237113406        2.2444389246850562     
        5540   4.4497165793814419        2.2328316739907224     
        5550   4.4361208907216509        2.2187023002876520     
        5560   4.4223957113402061        2.2046670427498443     
        5570   4.4094044752577322        2.1911942998537528     
        5580   4.3937801412371158        2.1780665069923768     
        5590   4.3795244154639184        2.1626101113695029     
        5600   4.3664884814432980        2.1484710185965668     
        5610   4.3545454721649497        2.1340693235603729     
        5620   4.3399322639175271        2.1206170508840234     
        5630   4.3264452103092790        2.1045551007592853     
        5640   4.3111566484536086        2.0905701891331403     
        5650   4.2987415969072158        2.0773260991179443     
        5660   4.2844850783505173        2.0643475014581552     
        5670   4.2735370804123729        2.0510740574834458     
        5680   4.2609271103092770        2.0401634595328040     
        5690   4.2482674360824726        2.0286471253450720     
        5700   4.2352946814432970        2.0175227707884398     
        5710   4.2227972567010283        2.0032622299402867     
        5720   4.2107760020618548        1.9902289962023874     
        5730   4.1993243206185582        1.9769737361667648     
        5740   4.1849013690721648        1.9655752321344084     
        5750   4.1735169711340196        1.9521427852431319     
        5760   4.1635606494845376        1.9377001759672225     
        5770   4.1508450690721634        1.9220904674604986     
        5780   4.1370747350515478        1.9097940632040173     
        5790   4.1258057061855657        1.8955213046872741     
        5800   4.1133977701030924        1.8825491640182965     
        5810   4.1011204762886591        1.8681474972129182     
        5820   4.0900420453608248        1.8525668359973357     
        5830   4.0786851340206196        1.8397020836969327     
        5840   4.0672912144329887        1.8272902663371817     
        5850   4.0551599360824753        1.8149401718159632     
        5860   4.0415754886597934        1.8021293214903293     
        5870   4.0330522010309293        1.7891708663484196     
        5880   4.0217716329896911        1.7783550816713976     
        5890   4.0098107443298963        1.7671884257156814     
        5900   4.0000778092783511        1.7550999487153036     
        5910   3.9878975278350515        1.7441417242469155     
        5920   3.9766028835051541        1.7353155619195408     
        5930   3.9677895432989683        1.7264558990103867     
        5940   3.9568248907216494        1.7145803391642367     
        5950   3.9463108608247439        1.7048791677249784     
        5960   3.9380652938144323        1.6956824992776880     
        5970   3.9279562505154626        1.6868190563206444     
        5980   3.9186378391752590        1.6774796366228595     
        5990   3.9101807670103077        1.6671106990505902     
        6000   3.9000561783505141        1.6578464007026863     
        6010   3.8917307670103094        1.6465870716514961     
        6020   3.8834594752577321        1.6344815305524694     
        6030   3.8740469814432990        1.6237772835888653     
        6040   3.8663291206185550        1.6132228763652490     
        6050   3.8570901216494842        1.6019627655677622     
        6060   3.8475406103092791        1.5909472592395935     
        6070   3.8391092752577323        1.5813754610838211     
        6080   3.8310900123711353        1.5700965033094680     
        6090   3.8245387371134014        1.5573938660803417     
        6100   3.8150388432989693        1.5466360572132520     
        6110   3.8066178350515472        1.5356647906557550     
        6120   3.7967256010309285        1.5254688925112310     
        6130   3.7899901020618563        1.5166990526921706     
        6140   3.7834393742268055        1.5071351512536768     
        6150   3.7741509525773229        1.4953072141042349     
        6160   3.7656165731958784        1.4864766851774474     
        6170   3.7585243649484541        1.4771719629079232     
        6180   3.7505229855670095        1.4667508950216090     
        6190   3.7440908835051547        1.4545559275575968     
        6200   3.7369834061855669        1.4415037795518386     
        6210   3.7262138350515448        1.4295529024811060     
        6220   3.7181924257731969        1.4176377491641483     
        6230   3.7120670969072176        1.4067160401595802     
        6240   3.7031353185567015        1.3944742055740593     
        6250   3.6939946463917521        1.3811341212616759     
        6260   3.6840672773195875        1.3700468870183959     
        6270   3.6772007402061866        1.3555802706963187     
        6280   3.6688802164948471        1.3412282531618629     
        6290   3.6590338422680420        1.3274834982332313     
        6300   3.6500280463917534        1.3136688399193146     
        6310   3.6391927587628872        1.2988505830686219     
        6320   3.6319622649484531        1.2861103148331845     
        6330   3.6231749577319574        1.2760347702846158     
        6340   3.6161061278350526        1.2634074472360663     
        6350   3.6055796309278350        1.2523656590889267     
        6360   3.6008806092783532        1.2401898066197865     
        6370   3.5928736628865985        1.2275133671187686     
        6380   3.5836197185567018        1.2159914660224940     
        6390   3.5731125185567008        1.2046613056493933     
        6400   3.5661255690721676        1.1922611000857948     
        6410   3.5610133969072164        1.1794585893596898     
        6420   3.5529971494845376        1.1676068715954806     
        6430   3.5443021113402047        1.1549130459145991     
        6440   3.5375173103092794        1.1425505333061403     
        6450   3.5308373041237120        1.1329426926121569     
        6460   3.5233820773195870        1.1229859366810131     
        6470   3.5186311567010322        1.1139832853025158     
        6480   3.5109645556701015        1.1038373401789536     
        6490   3.5075504752577316        1.0926645285323595     
        6500   3.5024593082474240        1.0827122632558670     
        6510   3.4968756360824753        1.0721695186865050     
        6520   3.4962972762886593        1.0602318850221468     
        6530   3.4918843515463904        1.0497419930327965     
        6540   3.4865165237113418        1.0397479965436278     
        6550   3.4817726515463923        1.0298427849103093     
        6560   3.4802918515463919        1.0204316477837281     
        6570   3.4784387391752580        1.0164080371906474     
        6580   3.4748691494845376        1.0098557403793014     
        6590   3.4719770051546393        1.0009571046670813     
        6600   3.4691413742268034       0.99318162815786781     
        6610   3.4678212453608253       0.98598986369961961     
        6620   3.4652448216494838       0.97722585480909419     
        6630   3.4628984278350519       0.96943531348693168     
        6640   3.4624951865979376       0.96167991836272770     
        6650   3.4583457505154658       0.95313958086971051     
        6660   3.4551147701030942       0.94483165343871367     
        6670   3.4541355525773199       0.93714567025020068     
        6680   3.4523600206185558       0.92880848287783613     
        6690   3.4483809443298976       0.92248585385411208     
        6700   3.4445330298969083       0.91673368399049004     
        6710   3.4420906381443306       0.90880832778177612     
        6720   3.4408422999999986       0.89920703859636963     
        6730   3.4373542628865992       0.89165417406375269     
        6740   3.4328225484536081       0.88441769235840073     
        6750   3.4300480103092799       0.87669331453939636     
        6760   3.4298974463917542       0.86993495727134340     
        6770   3.4239719185567021       0.86122189661350845     
        6780   3.4200319958762893       0.85307244728572407     
        6790   3.4216364515463900       0.84595894047931797     
        6800   3.4159088835051548       0.83748387926672296     
        6810   3.4134008391752579       0.83095131630881292     
        6820   3.4117434999999987       0.82380118173746331     
        6830   3.4061485340206183       0.81586924573952180     
        6840   3.4063990144329894       0.80941977831276979     
        6850   3.4045607845360819       0.80346494599175733     
        6860   3.4005780628865976       0.79653709838659126     
        6870   3.4007785092783505       0.78946277138193721     
        6880   3.3999234783505146       0.78167044299055455     
        6890   3.3957923402061874       0.77590755373667886     
        6900   3.3941783412371129       0.77124749056943231     
        6910   3.3935284103092793       0.76577839368743528     
        6920   3.3936117948453575       0.75755754193814651     
        6930   3.3903632422680423       0.74854242587557152     
        6940   3.3881922670103068       0.74301022307605935     
        6950   3.3877106969072153       0.73566424868534042     
        6960   3.3848345474226789       0.72782426993380323     
        6970   3.3807830505154639       0.71943716487411458     
        6980   3.3782904216494853       0.71058162574675132     
        6990   3.3731587711340181       0.70166119110202119     
        7000   3.3724419443298972       0.69202558331250996     
        7010   3.3677067371134024       0.68281159531464108     
        7020   3.3641313804123709       0.67469915376099066     
        7030   3.3603910360824734       0.66690741915790541     
        7040   3.3554098123711338       0.65918372979583995     
        7050   3.3524810268041239       0.65005639416520489     
        7060   3.3503956989690717       0.64095290274553296     
        7070   3.3460684020618543       0.63355135575941535     
        7080   3.3443700804123710       0.62682494384698229     
        7090   3.3405447298969069       0.61922171852801977     
        7100   3.3366992989690734       0.61446872653898899     
        7110   3.3360841711340208       0.60952994104841007     
        7120   3.3348336835051544       0.60390258751209613     
        7130   3.3319284350515463       0.59848850816842225     
        7140   3.3303355154639185       0.59558726729214351     
        7150   3.3277656577319585       0.59188155453153846     
        7160   3.3260420824742272       0.58738467371141012     
        7170   3.3263762670103096       0.58170814458714526     
        7180   3.3251610917525762       0.57639571124630229     
        7190   3.3230343999999992       0.57057193163992137     
        7200   3.3197435927835053       0.56390297805429512     
        7210   3.3179090484536080       0.55651372849722747     
        7220   3.3156102690721645       0.55233251817888707     
        7230   3.3139191659793821       0.54757944124586888     
        7240   3.3132972144329895       0.54339539184132546     
        7250   3.3115449958762899       0.54036608526076768     
        7260   3.3080129556701032       0.53552729571886015     
        7270   3.3063482969072182       0.53085714842501563     
        7280   3.3099728556701042       0.52583263080136688     
        7290   3.3072610092783523       0.52004677980361658     
        7300   3.3039913917525778       0.51613203366433313     
        7310   3.3053415907216515       0.51472612185820310     
        7320   3.3058225237113397       0.51029881048079850     
        7330   3.3043439185567021       0.50417697887037960     
        7340   3.3033124237113398       0.50159125756874268     
        7350   3.3034637402061873       0.49986429819878797     
        7360   3.3042030546391765       0.49586829654338255     
        7370   3.3044037381443303       0.49030480686919697     
        7380   3.3025100659793818       0.48450391850093610     
        7390   3.3044849381443293       0.47837789332358033     
        7400   3.3026858185567014       0.47419424428255824     
        7410   3.3010586164948448       0.46965695333270935     
        7420   3.2999931072164945       0.46479213483314308     
        7430   3.3000100350515469       0.45930103784894105     
        7440   3.2996201567010304       0.45457492397374044     
        7450   3.2985852288659796       0.44881404369815792     
        7460   3.2979754216494830       0.44404727571430813     
        7470   3.2964633783505168       0.44073324575987655     
        7480   3.2967380896907232       0.43506125609067497     
        7490   3.2964286329896901       0.42908150618942376     
        7500   3.2939222484536081       0.42162031671191053     
        7510   3.2920562896907222       0.41409199414647491     
        7520   3.2936176845360832       0.40917158960670569     
        7530   3.2933309845360825       0.40477601863583196     
        7540   3.2923707969072171       0.39940920181691081     
        7550   3.2888192773195861       0.39528406700165275     
        7560   3.2897918927835050       0.39016736249790129     
        7570   3.2912305659793821       0.38295238870661202     
        7580   3.2875876340206176       0.37602414588833916     
        7590   3.2857191938144346       0.37084020902603698     
        7600   3.2853026010309279       0.36538738622171230     
        7610   3.2847472113402061       0.35866100049024990     
        7620   3.2835882577319597       0.35240397607479795     
        7630   3.2834926010309284       0.34340482820793361     
        7640   3.2824816422680416       0.33397653429360458     
        7650   3.2790061927835055       0.32319994157606285     
        7660   3.2796485783505149       0.31119642910748430     
        7670   3.2761079443298966       0.30186050761766697     
        7680   3.2751289412371141       0.29404231423982924     
        7690   3.2755257659793804       0.28590792723354969     
        7700   3.2749937051546398       0.27796367231047420     
        7710   3.2710182092783500       0.27085578537848676     
        7720   3.2694855195876302       0.26665174064793856     
        7730   3.2678742340206193       0.26216823553660168     
        7740   3.2659649824742263       0.25723445762199448     
        7750   3.2647222701030927       0.25284087640740355     
        7760   3.2654525061855675       0.24713866542803661     
        7770   3.2646398659793818       0.24234393326681961     
        7780   3.2620306608247436       0.23817966108664237     
        7790   3.2616880762886580       0.23322986390472020     
        7800   3.2621803742268027       0.22877992446101841     
        7810   3.2622734144329901       0.22438358906702555     
        7820   3.2625786927835052       0.22137612603016968     
        7830   3.2609998020618565       0.21778494643157137     
        7840   3.2607087422680414       0.21379910038475322     
        7850   3.2592319041237099       0.20891713562317471     
        7860   3.2598035484536099       0.20496006253671076     
        7870   3.2597774979381433       0.20155338570426690     
        7880   3.2585082721649492       0.19961679603205318     
        7890   3.2572533680412383       0.19413833922180759     
        7900   3.2570111154639179       0.18824431382156764     
        7910   3.2549664195876282       0.18591490578513020     
        7920   3.2575369144329880       0.18254526301153171     
        7930   3.2575790762886592       0.18042158665271094     
        7940   3.2566937432989689       0.17740454294975846     
        7950   3.2552562061855679       0.17464685315663878     
        7960   3.2545013938144338       0.17063120642756885     
        7970   3.2535612649484538       0.16589303394290014     
        7980   3.2560550721649486       0.16355366076016609     
        7990   3.2566034453608239       0.15884265437207851     
        8000   3.2536295670103095       0.15369957936695744     
        8010   3.2517673144329899       0.15005766769147627     
        8020   3.2508863432989705       0.14557633726875491     
        8030   3.2519794639175257       0.14023383374019924     
        8040   3.2538138412371134       0.13561439609661294     
        8050   3.2525673226804126       0.13060364525810553     
        8060   3.2507170783505148       0.12483757902086150     
        8070   3.2494302030927846       0.12025178065480144     
        8080   3.2495752886597944       0.11366250803683169     
        8090   3.2498673329896892       0.10663493074900217     
        8100   3.2489416020618553       0.10229323964897523     
        8110   3.2476112443298977       9.63906266305802201E-002
        8120   3.2475416505154655       9.13465424322904562E-002
        8130   3.2488677309278353       8.40434340702213567E-002
        8140   3.2498155030927824       7.64886753080829540E-002
        8150   3.2468186742268039       6.89477536941790758E-002
        8160   3.2459620020618556       6.13770627483067738E-002
        8170   3.2471483938144332       5.56745557668849381E-002
        8180   3.2459073360824755       5.05035092772613964E-002
        8190   3.2405954268041217       4.12787437497162957E-002
        8200   3.2424156597938167       3.54925286957413419E-002
        8210   3.2403054072164945       2.88433619357510232E-002
        8220   3.2392146226804135       2.58070408567915091E-002
        8230   3.2376595350515460       2.11807798532138228E-002
        8240   3.2366758567010305       1.66015326927823823E-002
        8250   3.2371295948453591       1.56297337615647382E-002
        8260   3.2388036515463923       1.40297307027056391E-002
        8270   3.2392323319587644       1.44024318874215428E-002
        8280   3.2388636587628854       1.37634278875089014E-002
        8290   3.2374632082474220       1.34961663201068408E-002
        8300   3.2353588731958762       1.25955128002423304E-002
        8310   3.2358202432989707       1.34074252899326757E-002
        8320   3.2376368525773205       1.30081834647468187E-002
        8330   3.2376134567010304       1.46049129978917079E-002
        8340   3.2390516082474230       1.39825195044147327E-002
        8350   3.2372874793814437       1.34396918293954379E-002
        8360   3.2361596649484530       1.32798069487732179E-002
        8370   3.2384414494845370       1.27574394957725400E-002
        8380   3.2399580618556709       1.21553885148886383E-002
        8390   3.2391565144329899       1.45939434766123605E-002
        8400   3.2399351989690728       1.36674182461397516E-002
        8410   3.2398284247422682       1.31816378840344389E-002
        8420   3.2399827525773182       1.26811523989209512E-002
        8430   3.2394321515463909       1.19577675923668893E-002
        8440   3.2392766515463918       1.22454359856608696E-002
        8450   3.2377046577319581       1.23713818020252022E-002
        8460   3.2384590505154627       1.38906956698767649E-002
        8470   3.2383650721649482       1.32264823540592241E-002
        8480   3.2395822144329891       1.32221015054086108E-002
        8490   3.2383593948453604       1.28799365696402445E-002
        8500   3.2390712742268035       1.33584036652426488E-002
        8510   3.2397602608247413       1.42569500646322778E-002
        8520   3.2390132721649474       1.43835605143980156E-002
        8530   3.2368421711340214       1.54756696354633374E-002
        8540   3.2371497030927849       1.41724882092876935E-002
        8550   3.2371832855670100       1.45547121520353071E-002
        8560   3.2376493731958766       1.46077181015487889E-002
        8570   3.2361220639175259       1.27142012237058469E-002
        8580   3.2375331092783499       1.38268595863943362E-002
        8590   3.2394836577319586       1.41794149137798899E-002
        8600   3.2394719670103092       1.23682207366668604E-002
        8610   3.2377395484536091       1.29894631477980634E-002
        8620   3.2376411773195874       1.19527278167935527E-002
        8630   3.2388048670103089       1.20340429889095914E-002
        8640   3.2391245154639177       1.28177941999751948E-002
        8650   3.2385664164948449       1.50170057545826064E-002
        8660   3.2396261938144337       1.34480384485927904E-002
        8670   3.2404583371134006       1.29641980527558844E-002
        8680   3.2395250216494853       1.34332440036871916E-002
        8690   3.2390409360824757       1.37494357614409042E-002
        8700   3.2376718958762907       1.18169313007566792E-002
        8710   3.2382831536082461       1.24780108855210865E-002
        8720   3.2401909989690716       1.22412414430195238E-002
        8730   3.2402415268041231       1.32291424735263285E-002
        8740   3.2390265432989680       1.32925871493829346E-002
        8750   3.2371258567010295       1.38014797567207071E-002
        8760   3.2381170979381437       1.28312685679531080E-002
        8770   3.2368724556701043       1.27486267705820659E-002
        8780   3.2354302577319602       1.33437376838502191E-002
        8790   3.2368221082474231       1.19750830046518649E-002
        8800   3.2369555938144328       1.16580592268032534E-002
        8810   3.2376881329896912       1.53441474037539632E-002
        8820   3.2361559381443312       1.31131879682205854E-002
        8830   3.2387404443298968       1.25497193884806079E-002
        8840   3.2395876587628858       1.30088806516466780E-002
        8850   3.2381690371134022       1.24960620208748093E-002
        8860   3.2372885701030918       1.21673593809950402E-002
        8870   3.2366606742268043       1.23719144012453125E-002
        8880   3.2371502762886606       1.32368019693458634E-002
        8890   3.2381980731958753       1.34569975398982893E-002
        8900   3.2397422103092781       1.25401939785486742E-002
        8910   3.2386662690721639       1.19823654382195666E-002
        8920   3.2377610195876296       1.20277271102041221E-002
        8930   3.2395148309278365       1.30918771441591326E-002
        8940   3.2397031422680409       1.31819575515086506E-002
        8950   3.2383126783505132       1.24364293286801219E-002
        8960   3.2369359731958744       1.26748346195652475E-002
        8970   3.2358586113402059       1.35711136460166786E-002
        8980   3.2356050608247422       1.28783326186567380E-002
        8990   3.2377775835051539       1.26834368355731742E-002
        9000   3.2373122711340203       1.24174677223155110E-002
        9010   3.2370452360824742       1.27485207927723956E-002
        9020   3.2367865938144327       1.39051235831187982E-002
        9030   3.2353250257731947       1.51866794724357622E-002
        9040   3.2375598731958766       1.17893398143642872E-002
        9050   3.2363068628865994       1.42715149759448986E-002
        9060   3.2356964164948452       1.24474638016535410E-002
        9070   3.2374006989690725       1.35203046878906788E-002
        9080   3.2380838804123715       1.30630955583287290E-002
        9090   3.2365050391752583       1.33341875965158028E-002
        9100   3.2353455742268045       1.24454589127404903E-002
        9110   3.2380099268041254       1.34167382891493183E-002
        9120   3.2383891876288660       1.20455979796469572E-002
        9130   3.2383356855670113       1.38903043352872294E-002
        9140   3.2393441350515468       1.25434798669383195E-002
        9150   3.2369580515463925       1.13836776338078986E-002
        9160   3.2365001556701047       1.45280479961720603E-002
        9170   3.2368114948453606       1.18310794366956479E-002
        9180   3.2362898752577314       1.28793992071508205E-002
        9190   3.2377716536082453       1.16625688823006109E-002
        9200   3.2378750092783530       1.18230723831550082E-002
        9210   3.2373558855670095       1.44093490801364462E-002
        9220   3.2406808587628864       1.25238526997137976E-002
        9230   3.2384832164948452       1.36932816051783899E-002
        9240   3.2383038268041227       1.31580842290222270E-002
        9250   3.2387760051546413       1.15097081092899855E-002
        9260   3.2388275082474234       1.26037506444248593E-002
        9270   3.2372742814432991       1.12840616631060854E-002
        9280   3.2372750206185565       1.21547239008826680E-002
        9290   3.2382216020618553       1.43844866820433993E-002
        9300   3.2380319824742259       1.28084050759188165E-002
        9310   3.2370342969072161       1.20303028272956813E-002
        9320   3.2390202618556700       1.04317925680227075E-002
        9330   3.2364116639175253       1.25025531014407061E-002
        9340   3.2358975628865982       1.16168874652125744E-002
        9350   3.2349623247422672       1.22700385749365173E-002
        9360   3.2386546195876282       1.23553903434184386E-002
        9370   3.2387500835051539       1.22364423530221863E-002
        9380   3.2370817113402057       1.21853759320252730E-002
        9390   3.2356718742268034       1.19740293818093452E-002
        9400   3.2356348597938149       1.35235737861828086E-002
        9410   3.2376668824742261       1.29437168504346767E-002
        9420   3.2388367649484540       1.24093147650647783E-002
        9430   3.2375699020618565       1.33335521571390381E-002
        9440   3.2368529154639178       1.35200284837032510E-002
        9450   3.2379655144329877       1.42497267325155056E-002
        9460   3.2390484134020623       1.30586683836381341E-002
        9470   3.2387406422680427       1.28771872892354915E-002
        9480   3.2386778051546381       1.36267893924709657E-002
        9490   3.2380398886597921       1.20991731253199484E-002
        9500   3.2361210216494833       1.23144769607316934E-002
        9510   3.2379177051546395       1.34487165519318469E-002
        9520   3.2400685072164950       1.41507758171500533E-002
        9530   3.2374431453608232       1.36472798516459361E-002
        9540   3.2368893010309288       1.16707077448228239E-002
        9550   3.2377719257731949       1.08497876060850932E-002
        9560   3.2372807010309299       1.33480874349225804E-002
        9570   3.2379999948453619       1.33404486672313201E-002
        9580   3.2385410041237104       1.34574350228788987E-002
        9590   3.2379789494845372       1.55916621576361880E-002
        9600   3.2364899463917527       1.36837357073635955E-002
        9610   3.2373551845360811       1.37993478005452759E-002
        9620   3.2396277752577309       1.23129433428610258E-002
        9630   3.2385971319587625       1.46634931603025487E-002
        9640   3.2370448938144336       1.43638541202898342E-002
        9650   3.2364063206185585       1.15956736870448454E-002
        9660   3.2373457597938162       1.29719141209778503E-002
        9670   3.2380027350515461       1.36976113984038014E-002
        9680   3.2355419381443302       1.22126540711693741E-002
        9690   3.2354120969072158       1.26507879516008937E-002
        9700   3.2366834113402052       1.30102082955544252E-002
        9710   3.2377497835051541       1.31042654284599554E-002
        9720   3.2384156360824745       1.27830920979022933E-002
        9730   3.2376819670103107       1.35160320436401599E-002
        9740   3.2396491567010308       1.35360195005481861E-002
        9750   3.2378313422680409       1.20875286290015680E-002
        9760   3.2361422608247414       1.24482068789013300E-002
        9770   3.2388032628865973       1.23717903436667848E-002
        9780   3.2403885391752572       1.23738355393102871E-002
        9790   3.2387169061855672       1.47074367254187727E-002
        9800   3.2386804113402050       1.26332851881835826E-002
        9810   3.2396216072164958       1.16201631145997648E-002
        9820   3.2371383639175249       1.37373803244817405E-002
        9830   3.2380237742268050       1.30737156038935667E-002
        9840   3.2383222835051533       1.31039252449087831E-002
        9850   3.2374255350515471       1.38663641196937887E-002
        9860   3.2378125360824743       1.36773852131137318E-002
        9870   3.2400980835051554       1.38911463880443849E-002
        9880   3.2409849670103101       1.46679695675421724E-002
        9890   3.2374321938144339       1.38936568936994104E-002
        9900   3.2382131422680418       1.41216418603996446E-002
        9910   3.2389969628865996       1.35307929808402682E-002
        9920   3.2373493360824748       1.36118661282124843E-002
        9930   3.2353741958762887       1.43470694049081197E-002
        9940   3.2351902494845377       1.36120159216657505E-002
        9950   3.2360150041237108       1.39596488801616622E-002
        9960   3.2354371793814440       1.42038042537458130E-002
        9970   3.2375211824742278       1.31460450175429830E-002
        9980   3.2367089226804135       1.15718522146413018E-002
        9990   3.2354235371134026       1.15998042414224688E-002
       10000   3.2383185773195886       1.27597745599376498E-002
