          10   20.380059531250001        4.3530959738954644     
          20   20.378443499999996        4.3514770128477913     
          30   20.377140427083337        4.3479322646360128     
          40   20.377904510416666        4.3472119696942739     
          50   20.378843770833338        4.3460074580312744     
          60   20.376160843750000        4.3451346203964967     
          70   20.376513895833334        4.3463016340154681     
          80   20.377066375000002        4.3474645800164282     
          90   20.375448572916664        4.3451861588947853     
         100   20.372254625000000        4.3433192354123342     
         110   20.377599000000000        4.3392613032841156     
         120   20.376581697916674        4.3378874562943848     
         130   20.368052458333327        4.3368154057882382     
         140   20.357338010416665        4.3374328305086927     
         150   20.344177458333327        4.3400817131784244     
         160   20.328471812500002        4.3424800563349111     
         170   20.311660947916664        4.3462326934003128     
         180   20.294510468749994        4.3491604370908057     
         190   20.274186833333331        4.3537789008965193     
         200   20.254739197916674        4.3588349611574824     
         210   20.235488937500005        4.3639559155669714     
         220   20.217638229166660        4.3690898025058500     
         230   20.197953499999993        4.3756841599664833     
         240   20.177162458333335        4.3812757926070525     
         250   20.155418635416662        4.3866860122496609     
         260   20.130933197916665        4.3909175342578299     
         270   20.111633958333343        4.3938770846293114     
         280   20.091178260416662        4.3986002296265667     
         290   20.070204843749995        4.4050062639710248     
         300   20.047136114583338        4.4098949824067430     
         310   20.024924583333330        4.4120689264520454     
         320   20.003456468749999        4.4151434920697694     
         330   19.984008614583338        4.4188027907384644     
         340   19.964885260416661        4.4227904302230998     
         350   19.944729354166672        4.4277388386149266     
         360   19.925491739583332        4.4296939766368872     
         370   19.906495406249995        4.4316281055090636     
         380   19.885156208333328        4.4360094559971586     
         390   19.862744020833329        4.4413493582825323     
         400   19.839959791666669        4.4473687299957714     
         410   19.817067645833330        4.4527946294198291     
         420   19.795563718750000        4.4590065282456699     
         430   19.774552520833335        4.4632678219855428     
         440   19.752362968750003        4.4670284078570521     
         450   19.729438854166663        4.4704162361901814     
         460   19.707468624999997        4.4726798337475353     
         470   19.684934218749998        4.4765567990030171     
         480   19.661016197916663        4.4796460340316520     
         490   19.637277479166674        4.4828248237404278     
         500   19.612696208333336        4.4857746915352372     
         510   19.585850208333337        4.4887713305637451     
         520   19.559025249999994        4.4927075217352401     
         530   19.533208656250004        4.4945814248849638     
         540   19.506037156249995        4.5015150303209044     
         550   19.479570729166667        4.5059703146313845     
         560   19.453736447916661        4.5090406755157399     
         570   19.427030093750009        4.5124738283746542     
         580   19.401405312500003        4.5186443042523239     
         590   19.376311364583330        4.5225123646564391     
         600   19.351361781250002        4.5258208367389878     
         610   19.327064166666670        4.5293927685926922     
         620   19.304183958333336        4.5317892638361270     
         630   19.283682989583333        4.5354929587226893     
         640   19.262105479166674        4.5368166624582793     
         650   19.239543177083327        4.5391606672326192     
         660   19.218881156250003        4.5407705319325684     
         670   19.195884729166675        4.5430155907957905     
         680   19.172380499999992        4.5456765233093064     
         690   19.148497979166663        4.5497247709690569     
         700   19.120445781250005        4.5557394218051295     
         710   19.093669593750004        4.5631393343988451     
         720   19.063378822916665        4.5694503297507847     
         730   19.031369041666672        4.5772399440610254     
         740   18.996208927083330        4.5847619956686199     
         750   18.961886583333314        4.5922526167747746     
         760   18.930067291666667        4.6000168744947834     
         770   18.895702124999996        4.6072680588089341     
         780   18.865829843750003        4.6134404121106121     
         790   18.835786020833336        4.6192782776264361     
         800   18.806363864583336        4.6275379556315972     
         810   18.777859979166667        4.6330307323886153     
         820   18.751426750000000        4.6364165234979104     
         830   18.722505156249998        4.6360962651369224     
         840   18.693743312500001        4.6383534478044037     
         850   18.666526885416669        4.6405191040000311     
         860   18.639111916666675        4.6434916496456413     
         870   18.610421791666671        4.6467938950543024     
         880   18.583941031249999        4.6498905611686610     
         890   18.556827291666671        4.6527614150394614     
         900   18.525070114583333        4.6587957697769529     
         910   18.492929812499998        4.6632614003247523     
         920   18.461863562500000        4.6692806861998957     
         930   18.428105218750009        4.6765635482497823     
         940   18.395887364583327        4.6830864958497891     
         950   18.364510093749995        4.6877899934859339     
         960   18.332799031249994        4.6937274560505324     
         970   18.301919083333331        4.6996685142981063     
         980   18.271548145833332        4.7030367423370292     
         990   18.242666031250007        4.7079334694644377     
        1000   18.209758468750003        4.7130472353351518     
        1010   18.177272062499998        4.7183257545469077     
        1020   18.143213330208336        4.7217136702685565     
        1030   18.110607349999999        4.7274633284050802     
        1040   18.077771785416658        4.7333822249883628     
        1050   18.045206172916657        4.7375838146396880     
        1060   18.012463874999998        4.7436575373522381     
        1070   17.980778051041671        4.7507916997564594     
        1080   17.947968500000005        4.7540709456975101     
        1090   17.915117978125000        4.7578666289310449     
        1100   17.881957779166676        4.7621843424303298     
        1110   17.848084835416664        4.7676224455432283     
        1120   17.817070230208333        4.7751919691175875     
        1130   17.785544713541675        4.7815802963590333     
        1140   17.755028243750001        4.7865819800855318     
        1150   17.725460036458333        4.7893158445097797     
        1160   17.691946117708337        4.7934070440831205     
        1170   17.659984478125001        4.7962308012182868     
        1180   17.625915283333331        4.7996505969327821     
        1190   17.592215736458332        4.8048813812116187     
        1200   17.559858219791661        4.8105789703109902     
        1210   17.526936939583322        4.8151346940418644     
        1220   17.493420942708330        4.8187669164029270     
        1230   17.457564018750002        4.8237086549060635     
        1240   17.423439797916664        4.8296174698820806     
        1250   17.387406942708335        4.8362723279550854     
        1260   17.349844269791671        4.8416664276468655     
        1270   17.312241518749996        4.8455236365888990     
        1280   17.274611185416664        4.8521321931948194     
        1290   17.236704885416664        4.8575251133055151     
        1300   17.200416822916665        4.8626634905223050     
        1310   17.165311543749993        4.8695477133677034     
        1320   17.130555096874996        4.8739717941987637     
        1330   17.095688319791670        4.8770583307889490     
        1340   17.062211454166668        4.8800915022967128     
        1350   17.030716570833334        4.8828781924265900     
        1360   16.998629790624999        4.8843230281143901     
        1370   16.967931872916662        4.8866329938323814     
        1380   16.936173593750002        4.8891230785356816     
        1390   16.906129451041661        4.8924210179701806     
        1400   16.875495216666671        4.8976247219977660     
        1410   16.842058278124998        4.9007360843895684     
        1420   16.808472522916663        4.9040019536509813     
        1430   16.774500234375001        4.9078706842707334     
        1440   16.738032851041666        4.9130443816671452     
        1450   16.702762465625007        4.9177141205398769     
        1460   16.666844254166666        4.9209475696213918     
        1470   16.630440837500000        4.9253713371473937     
        1480   16.592614672916667        4.9318896877867875     
        1490   16.557610527083330        4.9366778546439933     
        1500   16.524195440624997        4.9406981791488533     
        1510   16.489441373958321        4.9471789601854290     
        1520   16.452505327083340        4.9516618589659132     
        1530   16.416188907291659        4.9541773750488245     
        1540   16.381454114583331        4.9578683912868238     
        1550   16.346148557291666        4.9598606227356212     
        1560   16.314187040625004        4.9604223385049879     
        1570   16.278854904166668        4.9614457043483400     
        1580   16.243063721875000        4.9629658624130109     
        1590   16.209519500000003        4.9667623659225582     
        1600   16.174579040624995        4.9706247419845413     
        1610   16.137512526041665        4.9719887795312570     
        1620   16.102234669791660        4.9746636143539469     
        1630   16.065620903125005        4.9792879266434547     
        1640   16.030795616666659        4.9811527143367167     
        1650   15.994600051041665        4.9822047517251011     
        1660   15.957824961458341        4.9853691902013715     
        1670   15.919490970833332        4.9877829884502010     
        1680   15.883038381250001        4.9899410041392889     
        1690   15.846015605208335        4.9931211310213710     
        1700   15.807764135416669        4.9962131337943347     
        1710   15.770184488541672        4.9989624921258269     
        1720   15.732436303125004        4.9996108400145385     
        1730   15.697223492708337        5.0015520627103660     
        1740   15.659433995833330        5.0038460335226373     
        1750   15.622318932291668        5.0079893430735289     
        1760   15.583837687500003        5.0126247459101334     
        1770   15.544022133333335        5.0182826111344907     
        1780   15.506416857291661        5.0235310271338172     
        1790   15.467615283333329        5.0281807081318961     
        1800   15.430633925000000        5.0314463619492624     
        1810   15.394064014583330        5.0369979933280158     
        1820   15.358071550000004        5.0414326556671378     
        1830   15.322250097916665        5.0433079544652681     
        1840   15.284294801041675        5.0470597989039199     
        1850   15.246563184375006        5.0506682769573832     
        1860   15.209588790625004        5.0522133939597564     
        1870   15.171343061458330        5.0547537478471627     
        1880   15.132358258333335        5.0581664629142589     
        1890   15.095641077083329        5.0620367439865666     
        1900   15.057484257291668        5.0669344372128782     
        1910   15.019460839583333        5.0726292576491891     
        1920   14.981933277083336        5.0764113051802848     
        1930   14.942254965624999        5.0797663611616626     
        1940   14.902986881249996        5.0839942021659894     
        1950   14.865249088541667        5.0882636696790700     
        1960   14.828816313541672        5.0917245218341911     
        1970   14.789844530208335        5.0961504905333914     
        1980   14.751050433333333        5.1011652386425990     
        1990   14.712423828124997        5.1048301811450969     
        2000   14.672169355208327        5.1079686971447886     
        2010   14.633198277083336        5.1126423784162469     
        2020   14.593550970833340        5.1136230188297915     
        2030   14.554230057291671        5.1133766123736661     
        2040   14.515235930208332        5.1130951158034206     
        2050   14.479066940624996        5.1118718408483623     
        2060   14.443274990625000        5.1113487697325342     
        2070   14.404681091666667        5.1103132865658889     
        2080   14.367283981250006        5.1097098246462922     
        2090   14.331516488541668        5.1134516999768636     
        2100   14.294027313541671        5.1139407123574783     
        2110   14.255550425000001        5.1152539255390108     
        2120   14.216309301041669        5.1177763224406174     
        2130   14.177074537499996        5.1200030960851803     
        2140   14.136981108333337        5.1220857109350355     
        2150   14.098226673958335        5.1234132964797130     
        2160   14.060052746874995        5.1253052387720688     
        2170   14.023649045833340        5.1238776120707206     
        2180   13.986632809374997        5.1245538395114627     
        2190   13.947068697916665        5.1275309734882120     
        2200   13.908028686458335        5.1317807731841816     
        2210   13.867290924999992        5.1345173948790448     
        2220   13.825735105208331        5.1382152746424987     
        2230   13.784266281249996        5.1413990321838430     
        2240   13.742838027083330        5.1433761079243538     
        2250   13.701083365625001        5.1448405177643659     
        2260   13.657527259375009        5.1476830806408493     
        2270   13.614627085416673        5.1522756844097080     
        2280   13.574375913541672        5.1556370938236808     
        2290   13.535428755208335        5.1584758885272866     
        2300   13.494723797916663        5.1613003195737530     
        2310   13.455326634375004        5.1622466498927269     
        2320   13.414899093749996        5.1633006761164522     
        2330   13.377873958333332        5.1644200114957020     
        2340   13.341600492708338        5.1652935933910467     
        2350   13.304396321874988        5.1664124053998393     
        2360   13.267426422916666        5.1687312965961532     
        2370   13.230345351041665        5.1705757655036777     
        2380   13.193970671875002        5.1722304131922021     
        2390   13.158383359375003        5.1733409022217041     
        2400   13.121173771875002        5.1752339592054577     
        2410   13.084023980208334        5.1747367440402767     
        2420   13.047128667708336        5.1749441909612157     
        2430   13.008183556250001        5.1778133280818022     
        2440   12.968414709374997        5.1815209493855043     
        2450   12.927575502083341        5.1844669069043636     
        2460   12.885463378125003        5.1851259814927193     
        2470   12.844825059375005        5.1868359214548727     
        2480   12.800738518749995        5.1901283896504280     
        2490   12.757120368750000        5.1926543661463009     
        2500   12.713376592708334        5.1958827219404240     
        2510   12.671443244791663        5.1981991486110548     
        2520   12.628431007291672        5.2007703890238668     
        2530   12.586155669791660        5.2035592713067285     
        2540   12.542551414583331        5.2081002648137735     
        2550   12.500018692708331        5.2129935761751556     
        2560   12.460194660416668        5.2143050811947322     
        2570   12.419674183333330        5.2163392242819295     
        2580   12.381233843750003        5.2175524532901845     
        2590   12.342583584374998        5.2163526965567435     
        2600   12.304687168749998        5.2193267919402553     
        2610   12.267293484375003        5.2204030876581315     
        2620   12.232224826041667        5.2216605017555544     
        2630   12.192918626041662        5.2229041579888440     
        2640   12.152927597916671        5.2210631961555274     
        2650   12.114735610416668        5.2194327538524021     
        2660   12.078433797916665        5.2182751819155753     
        2670   12.044290719791668        5.2173086879319781     
        2680   12.009344558333332        5.2167100773599078     
        2690   11.972642309374995        5.2168317886117386     
        2700   11.935801559374999        5.2157798950705621     
        2710   11.896487796874998        5.2150937133012407     
        2720   11.859722019791667        5.2117275491391739     
        2730   11.825282992708329        5.2067740596591170     
        2740   11.788633843750004        5.2048358102820798     
        2750   11.750872233333334        5.2008956054865649     
        2760   11.712732441666667        5.2011149568092945     
        2770   11.674762914583335        5.1975107687474900     
        2780   11.637240644791666        5.1924549781527078     
        2790   11.597789062499997        5.1909258530475153     
        2800   11.562559535416662        5.1880437708611051     
        2810   11.527343968750001        5.1865465948310314     
        2820   11.490099240625000        5.1827554552119937     
        2830   11.454914505208331        5.1805119224293348     
        2840   11.419937940624999        5.1769002053998685     
        2850   11.383295647916668        5.1738745145537024     
        2860   11.345917671875002        5.1708218269119612     
        2870   11.310937321875000        5.1683863560109238     
        2880   11.275717930208339        5.1673029604748759     
        2890   11.237476045833338        5.1634710168388720     
        2900   11.199701606249997        5.1595757639146074     
        2910   11.163207388541663        5.1569318312868520     
        2920   11.125584958333333        5.1572323663032487     
        2930   11.087774361458335        5.1563575548186877     
        2940   11.048027637500001        5.1534192180326581     
        2950   11.009170655208331        5.1510451680535123     
        2960   10.973389021874999        5.1484549328764535     
        2970   10.936228759375004        5.1470844756732088     
        2980   10.896071064583337        5.1464422280613142     
        2990   10.856429893750002        5.1472504507630559     
        3000   10.815417088541670        5.1485211833615629     
        3010   10.774974304166664        5.1500682938312350     
        3020   10.734033812499996        5.1483152189997332     
        3030   10.693165277083336        5.1465293049187233     
        3040   10.653998679166664        5.1455775187000796     
        3050   10.615902408333337        5.1450492504107173     
        3060   10.575677552083336        5.1426703352790319     
        3070   10.537140134374999        5.1389535919258149     
        3080   10.500923798958338        5.1343464709189846     
        3090   10.464811691666673        5.1310373370110094     
        3100   10.430544656249998        5.1263346269447263     
        3110   10.393346806249996        5.1241935667352951     
        3120   10.355197392708332        5.1201346174916340     
        3130   10.319458364583332        5.1150258364417889     
        3140   10.281529382291668        5.1116173710967949     
        3150   10.244634683333336        5.1104398229437056     
        3160   10.207323436458330        5.1064577235653488     
        3170   10.169358764583333        5.1022644341356544     
        3180   10.131857153125003        5.0986814283773123     
        3190   10.092669246874999        5.0968756982029886     
        3200   10.056279158333332        5.0954893325079311     
        3210   10.016823629166668        5.0941316807980517     
        3220   9.9781470062500066        5.0918199501150383     
        3230   9.9387212666666613        5.0874696761668075     
        3240   9.8975042343749937        5.0867819385196693     
        3250   9.8576787760416646        5.0812496441117752     
        3260   9.8183324999999986        5.0762729794879338     
        3270   9.7778596416666641        5.0707868855205076     
        3280   9.7359975072916711        5.0677305840942202     
        3290   9.6973335020833318        5.0631968784894168     
        3300   9.6582171354166686        5.0589185833785448     
        3310   9.6181770072916635        5.0548104208800542     
        3320   9.5795195999999958        5.0520279866886550     
        3330   9.5419532385416712        5.0460735169271649     
        3340   9.5053125979166690        5.0396838270689255     
        3350   9.4679960833333290        5.0333297548946652     
        3360   9.4293708010416672        5.0282605343188536     
        3370   9.3910835843750036        5.0243910562120631     
        3380   9.3510148500000003        5.0183206677468393     
        3390   9.3099607447916650        5.0118811661985294     
        3400   9.2718271104166661        5.0023152600017049     
        3410   9.2350487541666677        4.9952130093384204     
        3420   9.1970658114583355        4.9892235629660959     
        3430   9.1576658968749989        4.9830053231709810     
        3440   9.1193749999999980        4.9766636784021232     
        3450   9.0835129312500005        4.9688314911545008     
        3460   9.0468743656249959        4.9629580564887110     
        3470   9.0105369666666686        4.9540830177039012     
        3480   8.9748448604166651        4.9461368321266503     
        3490   8.9395809479166672        4.9403967572420564     
        3500   8.9048784802083336        4.9331787615536591     
        3510   8.8701284156249987        4.9286397369531443     
        3520   8.8342765447916669        4.9216596038789460     
        3530   8.8016895416666703        4.9123548930231795     
        3540   8.7674935760416677        4.9061738033111686     
        3550   8.7321541427083318        4.8970392403103942     
        3560   8.6990155958333339        4.8863778969137126     
        3570   8.6648577281250017        4.8786506007769157     
        3580   8.6318213739583332        4.8710088363949176     
        3590   8.5991579260416700        4.8645076204851687     
        3600   8.5684292041666712        4.8566843789191125     
        3610   8.5358758885416659        4.8506823062423576     
        3620   8.5023672708333358        4.8415106648302420     
        3630   8.4685421499999940        4.8298568878390800     
        3640   8.4341549239583351        4.8215909364699332     
        3650   8.3999469145833316        4.8122602603519677     
        3660   8.3662234958333297        4.8043618865128943     
        3670   8.3309326395833327        4.7950631555807739     
        3680   8.2955156406250001        4.7869544210395567     
        3690   8.2614525843749984        4.7792918136287810     
        3700   8.2259897645833284        4.7730126396376154     
        3710   8.1913846166666637        4.7639897733517174     
        3720   8.1553545708333299        4.7534776000767742     
        3730   8.1199197895833350        4.7436905088268784     
        3740   8.0844165864583317        4.7352083138247298     
        3750   8.0495753187499997        4.7273650841772703     
        3760   8.0137313989583330        4.7199544948147683     
        3770   7.9790290729166706        4.7104729924811464     
        3780   7.9461081322916662        4.7018193802776747     
        3790   7.9132026000000018        4.6938922675577626     
        3800   7.8811076125000037        4.6847661455257974     
        3810   7.8475594229166683        4.6760123823609661     
        3820   7.8136386927083343        4.6685650098957625     
        3830   7.7822154822916714        4.6605234127242685     
        3840   7.7519435718749987        4.6488837400850906     
        3850   7.7192865197916651        4.6382817218893351     
        3860   7.6853515572916669        4.6281937330974685     
        3870   7.6555113468750013        4.6169964914259234     
        3880   7.6249556500000031        4.6048015422919200     
        3890   7.5937326989583314        4.5931893707045353     
        3900   7.5610501833333297        4.5845141959395148     
        3910   7.5290033843749979        4.5738280023785389     
        3920   7.4953265208333333        4.5640722467223522     
        3930   7.4620713375000030        4.5549345658262270     
        3940   7.4277351937500038        4.5450853848952493     
        3950   7.3952258458333340        4.5368180918907894     
        3960   7.3595580927083359        4.5273698756027008     
        3970   7.3240353177083337        4.5176223901357124     
        3980   7.2903621635416656        4.5090676293012040     
        3990   7.2587415708333305        4.5015082544500737     
        4000   7.2270751875000032        4.4934653138904785     
        4010   7.1956605687499966        4.4820917582305864     
        4020   7.1654286937500027        4.4720992275373428     
        4030   7.1345231302083327        4.4616889337799686     
        4040   7.1044456739583355        4.4477277323871069     
        4050   7.0756694166666669        4.4347070840266110     
        4060   7.0480895635416658        4.4230166072970309     
        4070   7.0206374895833337        4.4133069886675296     
        4080   6.9911886093749986        4.4018753083893305     
        4090   6.9630621718749977        4.3891014237971584     
        4100   6.9334131489583308        4.3767099422002547     
        4110   6.9043792427083339        4.3649496649886537     
        4120   6.8768375072916657        4.3523745777288347     
        4130   6.8485033791666661        4.3405256527389113     
        4140   6.8181173708333338        4.3311249251312152     
        4150   6.7905252781249983        4.3185115575444648     
        4160   6.7611115104166650        4.3089832807757844     
        4170   6.7312095427083314        4.2973743401185081     
        4180   6.7031919010416674        4.2870770825950633     
        4190   6.6747509031249974        4.2764304710502845     
        4200   6.6467586020833336        4.2651570880139422     
        4210   6.6168055135416664        4.2556528790184371     
        4220   6.5860319416666675        4.2467277922038926     
        4230   6.5574953395833324        4.2356162922263900     
        4240   6.5285410239583328        4.2253234553735597     
        4250   6.5010708895833327        4.2113025473276346     
        4260   6.4729285812500033        4.1982540877790413     
        4270   6.4481562416666627        4.1871652585874441     
        4280   6.4217553395833376        4.1787656908113817     
        4290   6.3961484218750018        4.1670108798176395     
        4300   6.3713452552083325        4.1539094918242707     
        4310   6.3456726031249993        4.1412666293853428     
        4320   6.3226877749999959        4.1281588288095570     
        4330   6.2975638437499990        4.1156521897722040     
        4340   6.2739605489583328        4.1032355578044610     
        4350   6.2480396291666684        4.0915617540785210     
        4360   6.2248937312499999        4.0787316690907831     
        4370   6.2031023083333325        4.0675183996240367     
        4380   6.1806073187499981        4.0561538189282365     
        4390   6.1560135114583323        4.0441490943903071     
        4400   6.1334821666666643        4.0321021054182618     
        4410   6.1116259187500006        4.0195030180322737     
        4420   6.0864732020833339        4.0080854782974322     
        4430   6.0635898989583330        3.9954271251020943     
        4440   6.0418365104166680        3.9805742648265650     
        4450   6.0176800531250008        3.9679198119633146     
        4460   5.9937993489583343        3.9555946284988290     
        4470   5.9680370031249979        3.9432931194593013     
        4480   5.9437368510416677        3.9317037076045991     
        4490   5.9214114354166663        3.9166476876322203     
        4500   5.8966428395833335        3.9028055990895911     
        4510   5.8728913218749978        3.8879940093620382     
        4520   5.8510012291666662        3.8736789884113865     
        4530   5.8268941604166669        3.8632531548665923     
        4540   5.8043780791666615        3.8523824156263062     
        4550   5.7822523468750004        3.8426865225630418     
        4560   5.7601336833333319        3.8304526490601312     
        4570   5.7373885739583335        3.8189561398816769     
        4580   5.7167238302083367        3.8069854199468951     
        4590   5.6972982791666640        3.7961566055001534     
        4600   5.6767411687499996        3.7827274825896557     
        4610   5.6553287885416665        3.7681451884896968     
        4620   5.6326542854166659        3.7538950491011520     
        4630   5.6117978270833362        3.7387049480706129     
        4640   5.5891249583333336        3.7238787591837879     
        4650   5.5682883197916686        3.7082981745953836     
        4660   5.5485782072916656        3.6954595025871058     
        4670   5.5309009625000014        3.6826307817939776     
        4680   5.5097026343749995        3.6704374061684915     
        4690   5.4907426156249999        3.6578798706470570     
        4700   5.4727777833333340        3.6427422306687256     
        4710   5.4527256145833327        3.6285272054829103     
        4720   5.4319144937500008        3.6195074089391719     
        4730   5.4128569333333330        3.6050723809981386     
        4740   5.3945142500000003        3.5873679430774978     
        4750   5.3723623947916650        3.5741511865284634     
        4760   5.3524251302083350        3.5616407918317146     
        4770   5.3315106947916666        3.5480381762843161     
        4780   5.3117738687500031        3.5362313378112540     
        4790   5.2984866958333336        3.5234842248993057     
        4800   5.2798801958333330        3.5113207547108027     
        4810   5.2606975135416656        3.5002932167248635     
        4820   5.2423472885416667        3.4891780069823732     
        4830   5.2238424781249995        3.4782944942208500     
        4840   5.2070471333333339        3.4663927412854783     
        4850   5.1863492052083338        3.4545332805947133     
        4860   5.1662076374999994        3.4443789177451536     
        4870   5.1467956166666662        3.4332462301387774     
        4880   5.1281270041666671        3.4222698051718567     
        4890   5.1088848697916687        3.4103567316851380     
        4900   5.0886934541666671        3.3992907352542066     
        4910   5.0687470895833373        3.3856766946835539     
        4920   5.0470658875000014        3.3720788088825859     
        4930   5.0255392968750012        3.3581863922456647     
        4940   5.0053771187500002        3.3440524606390842     
        4950   4.9860500531250018        3.3340954163470387     
        4960   4.9638160260416671        3.3221675275864100     
        4970   4.9442867875000021        3.3095655845467875     
        4980   4.9276071541666679        3.2980439092746501     
        4990   4.9086832083333327        3.2870188508302052     
        5000   4.8940499854166672        3.2730789296008984     
        5010   4.8780774437500005        3.2602893484726234     
        5020   4.8599921833333326        3.2471304455667402     
        5030   4.8459676302083325        3.2338991387757825     
        5040   4.8323850666666655        3.2187165004488172     
        5050   4.8160469843750011        3.2041366401639682     
        5060   4.8023748270833320        3.1904861791738481     
        5070   4.7916155197916650        3.1765440597327221     
        5080   4.7768836093750000        3.1651652944111790     
        5090   4.7613165843750016        3.1529313754624830     
        5100   4.7485533520833352        3.1380665134126002     
        5110   4.7331195302083335        3.1246773572493178     
        5120   4.7176369166666685        3.1116391594925266     
        5130   4.7062970437499985        3.0958644707093441     
        5140   4.6894329395833330        3.0814568566223879     
        5150   4.6739480614583329        3.0668966658838084     
        5160   4.6597363114583334        3.0511170607626830     
        5170   4.6436730489583331        3.0353085364990440     
        5180   4.6280878666666672        3.0197213889607575     
        5190   4.6124639083333339        3.0042944534111196     
        5200   4.5966608895833323        2.9912702740932664     
        5210   4.5804274260416662        2.9787452036839275     
        5220   4.5673064447916651        2.9646534962668416     
        5230   4.5526434312499999        2.9525064410582735     
        5240   4.5373686541666665        2.9412355484270924     
        5250   4.5245211812499972        2.9289465859282044     
        5260   4.5120310937500010        2.9169307606314709     
        5270   4.4984728520833324        2.9041730947195146     
        5280   4.4850619958333340        2.8929539204538997     
        5290   4.4743371572916644        2.8803683163211886     
        5300   4.4621531604166673        2.8690630391837821     
        5310   4.4479423020833329        2.8571432724416272     
        5320   4.4353438312499982        2.8444433728905105     
        5330   4.4235555989583348        2.8327159409578004     
        5340   4.4129282052083356        2.8198521694367900     
        5350   4.4015120322916639        2.8068856534770164     
        5360   4.3901537166666671        2.7925242229736678     
        5370   4.3796500072916649        2.7792592095505269     
        5380   4.3704164197916660        2.7655905309623114     
        5390   4.3609171177083335        2.7522332519926662     
        5400   4.3514641739583331        2.7378721333632976     
        5410   4.3431669020833308        2.7225721798366100     
        5420   4.3351205187500002        2.7092985011441053     
        5430   4.3257647875000007        2.6968074315929269     
        5440   4.3175765822916654        2.6853906784948340     
        5450   4.3086252447916662        2.6750501809933063     
        5460   4.3009041812499982        2.6642053369669725     
        5470   4.2938203729166657        2.6530576425031867     
        5480   4.2837582312500011        2.6428154791245304     
        5490   4.2765676687499976        2.6302441258564975     
        5500   4.2709726916666648        2.6192215529352580     
        5510   4.2608999406250003        2.6092733666753536     
        5520   4.2533407802083341        2.5979482539369627     
        5530   4.2438479656249992        2.5864694356098736     
        5540   4.2337337739583321        2.5739211871530872     
        5550   4.2269189593749994        2.5597348423132353     
        5560   4.2211280708333332        2.5449477541674752     
        5570   4.2107554166666672        2.5326667752230478     
        5580   4.2011352229166663        2.5208307832366099     
        5590   4.1926702072916688        2.5090879356711469     
        5600   4.1842673458333310        2.4967377629014074     
        5610   4.1791899843749993        2.4847180308094425     
        5620   4.1704849385416667        2.4727552870929865     
        5630   4.1593611437500000        2.4600299075165211     
        5640   4.1519523854166680        2.4470242328800897     
        5650   4.1452679333333320        2.4345004766553462     
        5660   4.1363956270833313        2.4232745821795438     
        5670   4.1245793875000016        2.4099635972837277     
        5680   4.1140438572916667        2.3949871848257764     
        5690   4.1055122416666654        2.3776255828554875     
        5700   4.0929550937500006        2.3621595366058674     
        5710   4.0846429395833335        2.3481512354846417     
        5720   4.0735939489583339        2.3355968981400164     
        5730   4.0593628677083329        2.3232347675601752     
        5740   4.0497800989583332        2.3082846147850722     
        5750   4.0399242541666673        2.2936196301353244     
        5760   4.0337565968749987        2.2803145698241174     
        5770   4.0223450552083344        2.2677979789862261     
        5780   4.0133390041666681        2.2564112942105496     
        5790   4.0061605552083313        2.2444145768485324     
        5800   3.9972330489583339        2.2347054262325012     
        5810   3.9875258510416676        2.2246155311142584     
        5820   3.9782912208333312        2.2128294937268107     
        5830   3.9671134333333331        2.2011929879273153     
        5840   3.9572364354166680        2.1884825544260007     
        5850   3.9459975395833333        2.1772980358450984     
        5860   3.9367174437500005        2.1655491434950669     
        5870   3.9302044781250003        2.1518983669188860     
        5880   3.9201322281249991        2.1371177405895123     
        5890   3.9103978645833339        2.1251609728927976     
        5900   3.9019566864583339        2.1133461477384241     
        5910   3.8913021531250007        2.1017182231112357     
        5920   3.8840988062500013        2.0882143478512889     
        5930   3.8771192458333332        2.0759437837679808     
        5940   3.8685273854166682        2.0665515160366366     
        5950   3.8610481802083325        2.0524062302051460     
        5960   3.8530740958333349        2.0376402558329700     
        5970   3.8440572250000007        2.0239231638607049     
        5980   3.8381239093749997        2.0111333600661863     
        5990   3.8293346927083332        1.9985672921994815     
        6000   3.8177805614583336        1.9865403975643574     
        6010   3.8124574979166650        1.9737218127297047     
        6020   3.8055414489583339        1.9617376918937319     
        6030   3.7973512385416659        1.9500731095532762     
        6040   3.7914892395833331        1.9383489261696636     
        6050   3.7835996010416673        1.9265312608045968     
        6060   3.7774957770833351        1.9155249526395446     
        6070   3.7686595312500017        1.9054928721004813     
        6080   3.7609067572916648        1.8946170473550610     
        6090   3.7570427864583333        1.8794741214064543     
        6100   3.7497832552083357        1.8646066188193802     
        6110   3.7436396427083327        1.8528326969599491     
        6120   3.7374846291666661        1.8429153337710573     
        6130   3.7328871531249987        1.8318328472860925     
        6140   3.7285209697916657        1.8223418741568302     
        6150   3.7249626708333321        1.8136476433856579     
        6160   3.7198616145833330        1.8045023731376795     
        6170   3.7113053479166660        1.7942084118954711     
        6180   3.7091856802083325        1.7848325422857059     
        6190   3.7072738177083306        1.7767642845461744     
        6200   3.7040563802083324        1.7660498270499079     
        6210   3.6968227749999993        1.7567739059822132     
        6220   3.6911067979166670        1.7460677640929279     
        6230   3.6885844270833341        1.7364732953978272     
        6240   3.6846260333333345        1.7242525131001225     
        6250   3.6817915427083339        1.7135287184227588     
        6260   3.6789851208333348        1.7020386298418904     
        6270   3.6718484072916642        1.6894366407804127     
        6280   3.6698518968749982        1.6764355269413966     
        6290   3.6674233104166660        1.6649453387293238     
        6300   3.6614261885416659        1.6539179194755282     
        6310   3.6564115770833325        1.6424063842035443     
        6320   3.6531757416666690        1.6293314030504322     
        6330   3.6498356593750021        1.6169734922224313     
        6340   3.6434950468749983        1.6058507155711963     
        6350   3.6399791208333347        1.5930920101850750     
        6360   3.6327657541666665        1.5815996430413195     
        6370   3.6314632291666662        1.5673383212974579     
        6380   3.6263175302083330        1.5559573264323892     
        6390   3.6226257364583319        1.5460864242956445     
        6400   3.6180658552083336        1.5370774910678984     
        6410   3.6138318864583323        1.5256131349679172     
        6420   3.6089738250000010        1.5134128948127912     
        6430   3.6026855041666686        1.5016671145356286     
        6440   3.6011750937499989        1.4903328718240341     
        6450   3.5973080874999988        1.4792197794231894     
        6460   3.5916383583333324        1.4696660963730008     
        6470   3.5897005906250001        1.4604255597971880     
        6480   3.5866081749999998        1.4501524973781006     
        6490   3.5829793750000012        1.4386374177728232     
        6500   3.5797715166666664        1.4270093811416542     
        6510   3.5763083062499983        1.4160800800254258     
        6520   3.5711446239583324        1.4065261408838712     
        6530   3.5675672083333332        1.3965475048239673     
        6540   3.5641782770833328        1.3863277109017142     
        6550   3.5596969166666681        1.3758315555146208     
        6560   3.5573371062500008        1.3623504745274613     
        6570   3.5540502791666673        1.3515317534869615     
        6580   3.5483770885416668        1.3427477258527625     
        6590   3.5434992781249997        1.3318050017653380     
        6600   3.5428780625000011        1.3197918233389907     
        6610   3.5420401489583324        1.3075518226752609     
        6620   3.5358318770833321        1.2976319755565515     
        6630   3.5290431916666662        1.2862834176473188     
        6640   3.5273092760416667        1.2738492566412858     
        6650   3.5247956604166668        1.2613368174326776     
        6660   3.5226955197916667        1.2500901305468768     
        6670   3.5197634135416673        1.2405290990461768     
        6680   3.5136354458333323        1.2302342819602508     
        6690   3.5113676656249990        1.2204157406356893     
        6700   3.5094064031250003        1.2108278825517396     
        6710   3.5064452489583342        1.2016156447648381     
        6720   3.5045560833333336        1.1931112124629577     
        6730   3.5025344781249994        1.1833695332985004     
        6740   3.4985863281249991        1.1714537575719324     
        6750   3.4927701927083330        1.1600366604000782     
        6760   3.4911753791666662        1.1490428592807673     
        6770   3.4883326749999983        1.1406574481717933     
        6780   3.4856688739583341        1.1335302383954526     
        6790   3.4833805843750008        1.1249326295620568     
        6800   3.4800521906249990        1.1139863143872295     
        6810   3.4751670447916676        1.1053737167691025     
        6820   3.4752040333333354        1.0947681089952725     
        6830   3.4707630520833335        1.0846425882074684     
        6840   3.4673339624999997        1.0730568551475226     
        6850   3.4638302541666648        1.0638810723366352     
        6860   3.4592284885416684        1.0534339294906025     
        6870   3.4587877937500004        1.0415796716696131     
        6880   3.4548646958333342        1.0300367394074310     
        6890   3.4497971333333344        1.0167231975398505     
        6900   3.4486181437499988        1.0059782276982883     
        6910   3.4456062177083329       0.99709546641341307     
        6920   3.4438238520833337       0.98838945927740651     
        6930   3.4400816541666686       0.97889775633393705     
        6940   3.4377670541666663       0.97030987970325455     
        6950   3.4367282260416663       0.95903349295567941     
        6960   3.4317130291666658       0.94839724662453728     
        6970   3.4290297802083338       0.93568762556432006     
        6980   3.4258130197916667       0.92536864391330320     
        6990   3.4242356583333340       0.91174081013375263     
        7000   3.4216230281249991       0.90032787526180102     
        7010   3.4174326218749980       0.89083814852732057     
        7020   3.4150056062500003       0.88021486642761393     
        7030   3.4130963010416657       0.86778524730050166     
        7040   3.4106358687499991       0.85924399729864098     
        7050   3.4094445468749996       0.84951952999205516     
        7060   3.4063127479166653       0.83811995921866012     
        7070   3.4040660166666648       0.82912830813662475     
        7080   3.4006526958333336       0.82017279152137390     
        7090   3.3939714239583321       0.81114180505769207     
        7100   3.3928444072916673       0.80136590287853904     
        7110   3.3910535572916660       0.79223542475831554     
        7120   3.3890510104166669       0.78567745334164230     
        7130   3.3855963031249985       0.77772154570571783     
        7140   3.3818074291666664       0.76870602559956380     
        7150   3.3794424864583354       0.76180362370968580     
        7160   3.3766821572916648       0.75483951213938039     
        7170   3.3735436020833336       0.74745065877015571     
        7180   3.3723641500000006       0.73969259101872331     
        7190   3.3699005145833332       0.73168282715028587     
        7200   3.3679972562500002       0.72457792068673443     
        7210   3.3641073812500011       0.71863590073327199     
        7220   3.3599233927083323       0.71221717951145913     
        7230   3.3592454489583337       0.70681140861552805     
        7240   3.3582443854166670       0.70122119939721972     
        7250   3.3585172791666675       0.69515455659779413     
        7260   3.3567440197916660       0.68896735714330182     
        7270   3.3537695041666655       0.68320636348520414     
        7280   3.3529412822916669       0.67681566302104590     
        7290   3.3510219947916675       0.66873516941554689     
        7300   3.3490649927083318       0.66286643520137334     
        7310   3.3471977854166668       0.65583660340886907     
        7320   3.3449114031250016       0.64782940494284891     
        7330   3.3442347854166670       0.64172723032914936     
        7340   3.3421629291666668       0.63636326951760802     
        7350   3.3368447833333348       0.62801500835170154     
        7360   3.3365112218749995       0.62127976631595894     
        7370   3.3365267083333330       0.61474759996233186     
        7380   3.3327857614583345       0.60775517736270990     
        7390   3.3325416166666670       0.59987102650376534     
        7400   3.3289927312500005       0.59088305002297559     
        7410   3.3269141489583354       0.58175394730799856     
        7420   3.3228775197916658       0.57109651754787116     
        7430   3.3229359145833350       0.56201347133488622     
        7440   3.3209901989583308       0.55138571031525718     
        7450   3.3164892947916660       0.53960756072183547     
        7460   3.3156716750000004       0.53134013842785999     
        7470   3.3129258479166679       0.52386202341659271     
        7480   3.3098743218749989       0.51407576261780463     
        7490   3.3095671489583327       0.50391041809194559     
        7500   3.3090932104166662       0.49425023584632832     
        7510   3.3075584937500007       0.48444682669466671     
        7520   3.3066021625000013       0.47744657167702204     
        7530   3.3036843718750002       0.47165132109135466     
        7540   3.3055431874999996       0.46487722025839057     
        7550   3.3042430312499995       0.45800125909323036     
        7560   3.2993116916666683       0.44944330608882127     
        7570   3.2969541270833318       0.44144903736752322     
        7580   3.2982549406250015       0.43178115243795068     
        7590   3.2981510000000003       0.42598621044877366     
        7600   3.2954576531249997       0.41927193387563055     
        7610   3.2954544364583338       0.41096139558550882     
        7620   3.2923972979166667       0.40248312354667237     
        7630   3.2917461864583331       0.39627969961571557     
        7640   3.2904730406249989       0.38693084510718373     
        7650   3.2889068229166658       0.37950980010986923     
        7660   3.2891933604166677       0.37055520189013685     
        7670   3.2872253968749994       0.36617986611765269     
        7680   3.2861803093749997       0.36092761173185550     
        7690   3.2864853906250011       0.35626392364641940     
        7700   3.2860133291666664       0.35219362185588626     
        7710   3.2850410250000013       0.34569432877869466     
        7720   3.2836425947916656       0.33904103116561773     
        7730   3.2820681062499997       0.33426177753472497     
        7740   3.2843971614583314       0.32848748267991690     
        7750   3.2812787979166660       0.32535670610745421     
        7760   3.2782797302083342       0.32217528852637284     
        7770   3.2793508312499999       0.31897503346039408     
        7780   3.2785391479166655       0.31247039567942003     
        7790   3.2782790656250000       0.30922541041766805     
        7800   3.2759414937500000       0.30168680571573087     
        7810   3.2734966645833334       0.29577714500999081     
        7820   3.2729089177083339       0.28967041042342040     
        7830   3.2719217062499992       0.28248661228317967     
        7840   3.2710010291666678       0.27679624211674142     
        7850   3.2693442156249994       0.27230250488792568     
        7860   3.2686893093750005       0.26901041646322060     
        7870   3.2656371895833343       0.26074436776634202     
        7880   3.2655431812500009       0.25372148342519668     
        7890   3.2632293437500000       0.25248975687412900     
        7900   3.2636031947916666       0.24992450196869198     
        7910   3.2621309239583334       0.24533495570564967     
        7920   3.2604539968749990       0.24055658240107672     
        7930   3.2577827697916675       0.23777265247889176     
        7940   3.2567247645833333       0.23627090151606675     
        7950   3.2546413708333333       0.23294024793197313     
        7960   3.2547702187500001       0.22790234770770681     
        7970   3.2546024552083339       0.22364962829832671     
        7980   3.2508582541666677       0.21964320893183387     
        7990   3.2493382510416673       0.21512538615263890     
        8000   3.2485109374999994       0.21358671833773382     
        8010   3.2500148968749998       0.20952800464855798     
        8020   3.2469583947916676       0.20683463015474191     
        8030   3.2454883968750017       0.20713531168310728     
        8040   3.2455449697916658       0.20570423164660065     
        8050   3.2455712666666652       0.20323020254862334     
        8060   3.2448586020833337       0.19973746767013628     
        8070   3.2437487364583326       0.19684624473567292     
        8080   3.2442870812499986       0.19508402942493788     
        8090   3.2443759333333344       0.19397960815205301     
        8100   3.2448018822916684       0.19099794860653468     
        8110   3.2444620999999993       0.18725081697932164     
        8120   3.2433069291666659       0.18344048839104227     
        8130   3.2423599427083332       0.18370465030496894     
        8140   3.2422626406249990       0.18546561188065497     
        8150   3.2413426156250011       0.18463755155622000     
        8160   3.2453058062499984       0.18323842091602210     
        8170   3.2429634302083326       0.18173274502206371     
        8180   3.2423124781250015       0.17930234022410377     
        8190   3.2439979520833320       0.17902635296550534     
        8200   3.2410948958333337       0.17783425926325716     
        8210   3.2415688697916658       0.17641826482539363     
        8220   3.2389552010416671       0.17746787246482851     
        8230   3.2428542541666681       0.17655119349918300     
        8240   3.2443075375000010       0.17587078847959062     
        8250   3.2409841114583338       0.17469310719861900     
        8260   3.2410970343750001       0.17456495732528091     
        8270   3.2433692552083322       0.17546792384869775     
        8280   3.2419853135416665       0.17460758642893084     
        8290   3.2419739687499991       0.17223128778062793     
        8300   3.2426420031250007       0.17135001300514796     
        8310   3.2413493281249992       0.17031625731221603     
        8320   3.2424379104166667       0.16842461838579548     
        8330   3.2394999375000011       0.16610473477769094     
        8340   3.2404225083333333       0.16392140106776784     
        8350   3.2401350749999995       0.16047276721517878     
        8360   3.2374426135416665       0.15763095563998902     
        8370   3.2389743729166671       0.15787806026469034     
        8380   3.2409372260416673       0.15483008416823191     
        8390   3.2397459458333340       0.15006595136503398     
        8400   3.2403696364583343       0.14917746509055929     
        8410   3.2395173010416669       0.14423440616708866     
        8420   3.2386634291666669       0.14019315692399342     
        8430   3.2381754895833326       0.13732569730605201     
        8440   3.2379452979166659       0.13282507011292202     
        8450   3.2385551916666682       0.12738575534929622     
        8460   3.2380594979166664       0.11967502548591349     
        8470   3.2370595416666661       0.11025880746613974     
        8480   3.2346791770833323       0.10150415589623635     
        8490   3.2337253177083340       9.18199649724383976E-002
        8500   3.2327721729166665       8.08685402592294322E-002
        8510   3.2321104260416664       6.94485552806967527E-002
        8520   3.2306322593750001       5.72256337624530848E-002
        8530   3.2288222989583328       4.88593504349074254E-002
        8540   3.2269845416666652       4.11170927068200756E-002
        8550   3.2248213999999997       3.22973923060969267E-002
        8560   3.2254766010416671       2.52062469120466134E-002
        8570   3.2257310666666652       1.99925547111190101E-002
        8580   3.2246702354166672       1.73551459085782636E-002
        8590   3.2255038541666674       1.48326262869974482E-002
        8600   3.2250546729166669       1.37307650533559557E-002
        8610   3.2256891260416674       1.52116204242141225E-002
        8620   3.2240695385416660       1.23506851934762994E-002
        8630   3.2234913499999998       1.35225125140881440E-002
        8640   3.2225262124999987       1.29544191114101242E-002
        8650   3.2236628062499988       1.24910802920732127E-002
        8660   3.2235861427083332       1.25756191963172625E-002
        8670   3.2232931958333335       1.18595787359148594E-002
        8680   3.2233808385416669       1.40268793573535520E-002
        8690   3.2208015979166666       1.16456134335832847E-002
        8700   3.2225224437500013       1.30090936964266258E-002
        8710   3.2233866468749999       1.06687672044719090E-002
        8720   3.2242324520833336       1.31240110046697608E-002
        8730   3.2258730041666666       1.24393980707220367E-002
        8740   3.2241340374999994       1.19819314422014711E-002
        8750   3.2233685999999988       1.23960468583533545E-002
        8760   3.2229447802083331       1.28439585665073002E-002
        8770   3.2236100583333323       1.36702998063803604E-002
        8780   3.2243655958333335       1.25315687673884825E-002
        8790   3.2243654916666666       1.18305055838710156E-002
        8800   3.2236318250000013       1.12781371404897870E-002
        8810   3.2245310604166662       1.18553275733166794E-002
        8820   3.2252641677083331       1.25115068092013400E-002
        8830   3.2231793354166669       1.20777332443809931E-002
        8840   3.2223806593749997       1.12370313255317003E-002
        8850   3.2240051583333322       1.11727573870659090E-002
        8860   3.2240742416666670       1.28896778762729834E-002
        8870   3.2219823770833353       1.17915796009107413E-002
        8880   3.2236990479166665       1.16941367865314415E-002
        8890   3.2257608239583333       1.23511548603182347E-002
        8900   3.2246823572916679       1.27121761792311234E-002
        8910   3.2258540166666676       1.31211928328786101E-002
        8920   3.2252979114583322       1.38198180771870599E-002
        8930   3.2223919843749997       1.32791797768475016E-002
        8940   3.2226226781250009       1.14957712230615884E-002
        8950   3.2240188854166658       1.29539268781766991E-002
        8960   3.2248054677083338       1.26099203809681357E-002
        8970   3.2238860562500000       1.31336506835000397E-002
        8980   3.2238899833333341       1.37674207196645075E-002
        8990   3.2231238447916666       1.21419822923201290E-002
        9000   3.2239668770833316       1.33498600027452188E-002
        9010   3.2237447489583340       1.16433582853133002E-002
        9020   3.2232976614583344       1.17111416640335274E-002
        9030   3.2222772812500016       1.24880197567731523E-002
        9040   3.2225060239583332       1.26778051938829482E-002
        9050   3.2237557302083348       1.18940388887813549E-002
        9060   3.2220753541666665       1.27931581241183517E-002
        9070   3.2241382374999987       1.10798945472525973E-002
        9080   3.2243031447916670       1.18432654034135131E-002
        9090   3.2239149864583330       1.20306493318528673E-002
        9100   3.2236522812500006       1.30112791129743284E-002
        9110   3.2242053968750000       1.22886382100468820E-002
        9120   3.2255162416666683       1.24481767445878220E-002
        9130   3.2253625916666668       1.19076608306564833E-002
        9140   3.2240282614583315       1.25241924545794088E-002
        9150   3.2239527979166671       1.11008123583451399E-002
        9160   3.2225665333333322       1.26336610584835991E-002
        9170   3.2223037677083339       1.16507236280049588E-002
        9180   3.2233703187500002       1.24503330791320369E-002
        9190   3.2242737364583340       1.40227386444548661E-002
        9200   3.2226921177083323       1.19772375375845532E-002
        9210   3.2218520802083348       1.26867016708064138E-002
        9220   3.2260132104166668       1.28132908905823403E-002
        9230   3.2252067166666669       1.23812511878858608E-002
        9240   3.2212177874999988       1.14944644175527071E-002
        9250   3.2242519489583334       1.38439595081343153E-002
        9260   3.2256027979166646       1.27386203750021691E-002
        9270   3.2237665583333328       1.15950666266315602E-002
        9280   3.2227268406250005       1.23390283894073798E-002
        9290   3.2231018322916665       1.25301630529659463E-002
        9300   3.2233831770833352       1.12385584235055458E-002
        9310   3.2231483729166670       1.20372275069404837E-002
        9320   3.2233895979166665       1.35597544956070921E-002
        9330   3.2233010343750004       1.23519547545034355E-002
        9340   3.2230581166666674       1.26116852265501546E-002
        9350   3.2226850208333322       1.15608789011515788E-002
        9360   3.2225994854166675       8.93271010296328542E-003
        9370   3.2227663312500017       1.23640119789963348E-002
        9380   3.2228140093750000       1.11824201025872132E-002
        9390   3.2236472156250007       1.25621401044148807E-002
        9400   3.2213414052083329       1.23474715857017064E-002
        9410   3.2235898364583329       1.20842019886626077E-002
        9420   3.2234605864583337       1.02516061043447133E-002
        9430   3.2226817947916673       1.20998857743272320E-002
        9440   3.2235903562500017       1.32152999027985926E-002
        9450   3.2222427020833333       1.34852122749054438E-002
        9460   3.2235356208333332       1.14414294753095933E-002
        9470   3.2223268968749994       1.13665919933300750E-002
        9480   3.2215475624999983       1.14786756552834324E-002
        9490   3.2223586333333318       1.14103494665450649E-002
        9500   3.2227691354166672       1.09673350192900226E-002
        9510   3.2220544666666675       1.04270305331727094E-002
        9520   3.2231190197916679       1.13193714298777132E-002
        9530   3.2246150916666658       1.15789009956427033E-002
        9540   3.2237137270833336       1.22782229587472119E-002
        9550   3.2231051708333336       1.17756173901934508E-002
        9560   3.2251795135416668       1.14780309762975985E-002
        9570   3.2244103718750008       1.25128082065410953E-002
        9580   3.2216375249999984       1.20233072200793926E-002
        9590   3.2210984156250007       1.32135849772207613E-002
        9600   3.2230765333333333       1.29313390012258996E-002
        9610   3.2255821187499980       1.20813846084548270E-002
        9620   3.2246922114583341       1.17651024413243932E-002
        9630   3.2220284843750004       1.32695872505218231E-002
        9640   3.2229648958333326       1.18207133289386784E-002
        9650   3.2245238114583334       1.29496682730015824E-002
        9660   3.2241498583333321       1.24570394864365660E-002
        9670   3.2234933479166670       1.17332554350488196E-002
        9680   3.2234905552083344       1.20986912171512674E-002
        9690   3.2225902166666658       1.15741512671663094E-002
        9700   3.2233588500000003       1.24804923567381210E-002
        9710   3.2243784500000001       1.28724135842592964E-002
        9720   3.2214085500000014       1.17431378290493871E-002
        9730   3.2217908177083316       1.23553770174896771E-002
        9740   3.2238004999999998       1.27246635599558219E-002
        9750   3.2232260645833346       1.34941648957745113E-002
        9760   3.2243611312499989       1.37608957230584573E-002
        9770   3.2233914760416655       1.35201658597421514E-002
        9780   3.2230361614583347       1.18931831636154579E-002
        9790   3.2245708281250001       1.35192466532820070E-002
        9800   3.2242139385416677       1.19049015308437828E-002
        9810   3.2239929270833318       1.21932890666540065E-002
        9820   3.2233948104166674       1.25343314123285404E-002
        9830   3.2236150729166670       1.17331611493881847E-002
        9840   3.2228178697916658       1.23386053358074989E-002
        9850   3.2230763218750003       1.33144070432964501E-002
        9860   3.2251070093750016       1.22881776232940595E-002
        9870   3.2242811760416679       1.09973751594866186E-002
        9880   3.2243813135416670       1.10203852602833146E-002
        9890   3.2235167906250002       1.38798765068537042E-002
        9900   3.2233159020833324       1.29272147228277502E-002
        9910   3.2240880187499990       1.13445863724550670E-002
        9920   3.2246625552083326       1.29597773233572477E-002
        9930   3.2258311499999981       1.35196570147222261E-002
        9940   3.2229191114583329       1.26168049417309767E-002
        9950   3.2212255093749995       1.15633975508410859E-002
        9960   3.2226595645833327       1.12159887014823614E-002
        9970   3.2229045052083323       1.12782488360319774E-002
        9980   3.2245626229166668       1.12842304056127857E-002
        9990   3.2244233718750017       1.16358829749122102E-002
       10000   3.2234474333333334       1.38737098620732510E-002
