          10   20.071949199999999        3.7960519298971653     
          20   20.074257578947368        3.7974492205094079     
          30   20.075045042105266        3.7953212354837103     
          40   20.074102684210523        3.7968512665824661     
          50   20.074133010526314        3.7950238166190937     
          60   20.075449894736835        3.7968461908942590     
          70   20.075543842105255        3.7972635147930589     
          80   20.075808189473683        3.7986630260416088     
          90   20.077558947368424        3.7998497441775929     
         100   20.080008884210535        3.8031082865738051     
         110   20.082241736842100        3.8052475610463290     
         120   20.079673263157897        3.8043155334788525     
         130   20.073846926315792        3.8050281981372867     
         140   20.066312684210530        3.8065393260193892     
         150   20.058032884210533        3.8076256743069314     
         160   20.047417084210533        3.8072343411322027     
         170   20.036105589473685        3.8113156340159384     
         180   20.023014610526314        3.8140355476480834     
         190   20.009738231578936        3.8178989426653049     
         200   19.995474884210527        3.8213004950401546     
         210   19.979698105263154        3.8241301367730194     
         220   19.965598305263150        3.8300367344292927     
         230   19.947817736842104        3.8350044699516279     
         240   19.930810789473679        3.8374670832018745     
         250   19.912968736842096        3.8426694642264612     
         260   19.893991515789477        3.8444667969037645     
         270   19.876202094736847        3.8463771174879082     
         280   19.858108105263153        3.8468252104945972     
         290   19.840632389473683        3.8469676482797830     
         300   19.820870663157894        3.8495796628758567     
         310   19.803676568421061        3.8518672013719519     
         320   19.786065589473687        3.8571087066411844     
         330   19.767520831578942        3.8599244785611173     
         340   19.748644810526315        3.8638156116726146     
         350   19.733216589473681        3.8680565558109179     
         360   19.716888831578949        3.8715938461226904     
         370   19.698545684210519        3.8756209392753069     
         380   19.681390631578953        3.8765055756304068     
         390   19.662885136842110        3.8803358457331720     
         400   19.646450210526321        3.8835600228674614     
         410   19.628789336842107        3.8888797485805973     
         420   19.610719873684221        3.8948949222518747     
         430   19.590323557894735        3.8991651008248698     
         440   19.571213421052633        3.9019648530217252     
         450   19.553054126315793        3.9062261326222476     
         460   19.534127031578954        3.9130282424911820     
         470   19.513097715789485        3.9177576937249841     
         480   19.491109589473687        3.9229460473018967     
         490   19.469588147368423        3.9286705302061411     
         500   19.447728778947376        3.9346525571699407     
         510   19.425895494736842        3.9423038130662760     
         520   19.402118429473678        3.9494302598419533     
         530   19.379394728421047        3.9573298392804999     
         540   19.355244625263165        3.9652352572167615     
         550   19.330364972631571        3.9703755648483794     
         560   19.306557081052624        3.9781864259829161     
         570   19.285047364210524        3.9862276689783962     
         580   19.263899286315787        3.9949865996255203     
         590   19.241896782105250        4.0043190341412247     
         600   19.221831187368423        4.0121321103190040     
         610   19.200136391578951        4.0190953685665223     
         620   19.180515896842095        4.0246511868214752     
         630   19.159738369473683        4.0284173819196951     
         640   19.140066877894743        4.0342469528862024     
         650   19.121966770526306        4.0412439518340353     
         660   19.104162823157893        4.0459348028650428     
         670   19.085158685263163        4.0501797030539732     
         680   19.065972391578949        4.0535928806284103     
         690   19.043615063157890        4.0580159172463297     
         700   19.022182861052627        4.0647597839947229     
         710   18.998501500000000        4.0685375489492559     
         720   18.973928427368421        4.0733474173416795     
         730   18.948017481052631        4.0786129850427431     
         740   18.921589878947362        4.0848480384984374     
         750   18.893936503157889        4.0907149285810807     
         760   18.868009206315790        4.0977095119154399     
         770   18.840012782105262        4.1035554069103544     
         780   18.813712254736842        4.1097125148962084     
         790   18.788123860000006        4.1168291239828996     
         800   18.763185823157890        4.1222858627512595     
         810   18.737434353684218        4.1261403883846812     
         820   18.711903907368423        4.1316784114260177     
         830   18.688281937894740        4.1363903081372841     
         840   18.664325556842108        4.1400901162187953     
         850   18.638966407368418        4.1436882610180401     
         860   18.616110345263159        4.1482136154215885     
         870   18.592443536842108        4.1517226299425589     
         880   18.566299085263164        4.1541789710635149     
         890   18.540951844210522        4.1580699442773907     
         900   18.518011005263155        4.1630807105613679     
         910   18.495325571578952        4.1654645886977102     
         920   18.470906278947368        4.1691412990334840     
         930   18.446580353684212        4.1739279554376028     
         940   18.422778768421050        4.1771751022268973     
         950   18.399562912631577        4.1828647237726670     
         960   18.375721536842100        4.1866563548072575     
         970   18.350702203157883        4.1904922482466684     
         980   18.325243275789479        4.1933751839474542     
         990   18.300901353684207        4.1980545047275903     
        1000   18.275477731578945        4.2045444389303155     
        1010   18.248601710526323        4.2083359835779586     
        1020   18.222345723157897        4.2125312183472268     
        1030   18.198136653684209        4.2176887392593922     
        1040   18.171834642105267        4.2234730768328692     
        1050   18.143559535789471        4.2283033644049208     
        1060   18.115317893684214        4.2327276116059362     
        1070   18.088444381052632        4.2372273031184529     
        1080   18.062478686315792        4.2392404333937321     
        1090   18.037143961052639        4.2424660068169500     
        1100   18.014228022105268        4.2465568602280497     
        1110   17.986945096842103        4.2496191111187382     
        1120   17.960911277894748        4.2514864580658358     
        1130   17.935923652631583        4.2541686482305217     
        1140   17.910302595789474        4.2559293415744177     
        1150   17.886231715789464        4.2597229835333366     
        1160   17.861553459999996        4.2628003813506963     
        1170   17.839114282105264        4.2644715453347963     
        1180   17.813401578947367        4.2674624386486135     
        1190   17.787267633684205        4.2720485315972612     
        1200   17.760129701052637        4.2754258318354186     
        1210   17.732582388421058        4.2813767113544055     
        1220   17.702903171578949        4.2887574306818008     
        1230   17.674019427368428        4.2954490030422612     
        1240   17.644876078947373        4.3037219396256408     
        1250   17.614632375789469        4.3116179485092063     
        1260   17.584073976842109        4.3185081870562900     
        1270   17.555018696842097        4.3228338854979169     
        1280   17.525552878947369        4.3305574587726827     
        1290   17.498312495789470        4.3367664394561274     
        1300   17.471393910526320        4.3449472038941099     
        1310   17.444806964210525        4.3525818588004856     
        1320   17.417526215789479        4.3596019931878498     
        1330   17.391562153684209        4.3628584913798232     
        1340   17.367361932631574        4.3678577244748533     
        1350   17.342602215789483        4.3724818537530972     
        1360   17.318882567368423        4.3760199230394941     
        1370   17.294572411578947        4.3803358067185272     
        1380   17.269693023157892        4.3839600926788762     
        1390   17.245467164210524        4.3900711510323562     
        1400   17.220195204210523        4.3938678936319064     
        1410   17.192886960000003        4.3978503656963017     
        1420   17.163502107368419        4.4033445803173477     
        1430   17.136134066315787        4.4102802925003814     
        1440   17.105683834736841        4.4150389082324430     
        1450   17.075668885263159        4.4181914335273955     
        1460   17.045876189473688        4.4251400747231209     
        1470   17.013902322105260        4.4288947161153223     
        1480   16.983164601052639        4.4322562233476051     
        1490   16.953886289473683        4.4360324243315770     
        1500   16.925940563157891        4.4408341129014568     
        1510   16.898989138947364        4.4447392488294204     
        1520   16.868207655789476        4.4519600539910300     
        1530   16.836926223157889        4.4573218347516637     
        1540   16.804444371578942        4.4633262766478117     
        1550   16.773172969473684        4.4663112509443303     
        1560   16.742689855789472        4.4725836707022282     
        1570   16.713107586315790        4.4774767801600222     
        1580   16.684021524210529        4.4812727090667375     
        1590   16.653220748421059        4.4867108258767363     
        1600   16.621777129473685        4.4927491689201355     
        1610   16.590806957894742        4.4991592736637891     
        1620   16.561880457894738        4.5051028711543566     
        1630   16.531838089473684        4.5083727807793368     
        1640   16.502065186315797        4.5138924285917330     
        1650   16.470568433684210        4.5178886221224293     
        1660   16.441742712631576        4.5217434088455315     
        1670   16.411102687368416        4.5248164644029218     
        1680   16.382315883157897        4.5288344983680151     
        1690   16.352966643157892        4.5346100077131553     
        1700   16.321744090526316        4.5400298908853873     
        1710   16.292131736842105        4.5440762590304207     
        1720   16.261252556842109        4.5490771765496625     
        1730   16.230652609473683        4.5554581812723258     
        1740   16.200320125263154        4.5582317436393893     
        1750   16.170130263157898        4.5666706332700278     
        1760   16.140319609473675        4.5729878578553187     
        1770   16.111410754736841        4.5787718416980718     
        1780   16.080549489473679        4.5850538527098372     
        1790   16.046368130526314        4.5898103854636521     
        1800   16.013294196842107        4.5974761353535794     
        1810   15.979858643157892        4.6053516437813675     
        1820   15.948771966315793        4.6108048165654276     
        1830   15.918372443157894        4.6147853339300431     
        1840   15.888097128421046        4.6185544643143608     
        1850   15.859023054736843        4.6240775690135054     
        1860   15.831995563157893        4.6269411083388796     
        1870   15.803551362105265        4.6293950363002567     
        1880   15.774559162105255        4.6313695145339135     
        1890   15.747406125263158        4.6340685108838544     
        1900   15.720373127368434        4.6381017469916799     
        1910   15.691955403157895        4.6411900415701979     
        1920   15.662194485263157        4.6435359442019699     
        1930   15.630741793684214        4.6446198414040145     
        1940   15.602203233684211        4.6468308847290123     
        1950   15.571608856842113        4.6498176644226943     
        1960   15.542362495789474        4.6516566807171662     
        1970   15.510463735789472        4.6556259514520377     
        1980   15.478382190526316        4.6591022413422092     
        1990   15.446298088421049        4.6613467514362465     
        2000   15.413736909473684        4.6650927811584033     
        2010   15.382019584210527        4.6696971822308502     
        2020   15.350679266315788        4.6715057804291558     
        2030   15.323994589473685        4.6723993981395466     
        2040   15.297319751578948        4.6739818167289116     
        2050   15.270071664210533        4.6761617667584154     
        2060   15.242521502105271        4.6777973024765167     
        2070   15.213636526315785        4.6802711888962998     
        2080   15.185804074736847        4.6808200537269293     
        2090   15.158783236842105        4.6827541756247388     
        2100   15.130036201052633        4.6845228368006300     
        2110   15.103004827368418        4.6860692952453533     
        2120   15.074523052631582        4.6866153514450817     
        2130   15.045839841052633        4.6889750639840750     
        2140   15.018655138947370        4.6930758382628248     
        2150   14.990763635789474        4.6968862023258620     
        2160   14.962546942105268        4.7003401117933095     
        2170   14.935879184210522        4.7016460046712973     
        2180   14.907837198947371        4.7047968546305761     
        2190   14.877330186315792        4.7064542027609102     
        2200   14.849269528421051        4.7087945311483361     
        2210   14.821587137894740        4.7119324919162793     
        2220   14.792813058947363        4.7140335400772226     
        2230   14.760991292631575        4.7143737392664962     
        2240   14.730886943157889        4.7164706077140801     
        2250   14.700426236842103        4.7175351480395111     
        2260   14.670488169473682        4.7226507226358461     
        2270   14.639740673684216        4.7245412168265535     
        2280   14.610122477894743        4.7265779051053869     
        2290   14.580133830526316        4.7280995408876967     
        2300   14.548365630526318        4.7279920416955505     
        2310   14.518751098947371        4.7293850238229265     
        2320   14.486432642105267        4.7304523618647121     
        2330   14.454489000000006        4.7321173910386571     
        2340   14.422879922105254        4.7310010053130149     
        2350   14.393532824210526        4.7302246746976708     
        2360   14.363815112631578        4.7278904068090677     
        2370   14.333403485263156        4.7270812212977074     
        2380   14.305643071578956        4.7272217051236494     
        2390   14.275725195789475        4.7272121056932059     
        2400   14.242742723157894        4.7265683068574420     
        2410   14.209385790526305        4.7262553987987594     
        2420   14.180005534736843        4.7254002013017802     
        2430   14.150295330526315        4.7265108702233789     
        2440   14.119676004210525        4.7280190962137336     
        2450   14.084706109473673        4.7273501616860285     
        2460   14.052369235789470        4.7288753214666110     
        2470   14.019554377894732        4.7317532169239449     
        2480   13.986938265263150        4.7354875461492236     
        2490   13.956309061052623        4.7392676287062239     
        2500   13.924279056842105        4.7444585145603115     
        2510   13.893725955789476        4.7493011671938783     
        2520   13.863506956842098        4.7525427295489742     
        2530   13.832692558947373        4.7566221035473149     
        2540   13.799992831578946        4.7593270947036723     
        2550   13.768291243157901        4.7611057780146373     
        2560   13.738077031578955        4.7624280499196905     
        2570   13.705443476842108        4.7627097751426435     
        2580   13.674407856842112        4.7590336999741725     
        2590   13.642404598947373        4.7555118164168508     
        2600   13.610062181052625        4.7519379966624173     
        2610   13.578576355789471        4.7536861283199352     
        2620   13.545886535789473        4.7545128555634832     
        2630   13.514132834736834        4.7546743030467962     
        2640   13.481527379999998        4.7545699727315567     
        2650   13.449403033684208        4.7555731217590278     
        2660   13.415735788421049        4.7583579534256497     
        2670   13.383746566315784        4.7616093260696815     
        2680   13.353149133684209        4.7627708229625210     
        2690   13.318524555789475        4.7652841521889959     
        2700   13.287551850526315        4.7671047185326101     
        2710   13.254509330526318        4.7696976907600082     
        2720   13.221138408421053        4.7723853878836140     
        2730   13.190658467368420        4.7765132020090819     
        2740   13.160123727368429        4.7803350816028640     
        2750   13.127233971578953        4.7827693885799452     
        2760   13.097947056842102        4.7842000023075526     
        2770   13.068592194736841        4.7849524239765415     
        2780   13.037669103157889        4.7872637787240100     
        2790   13.007321317894737        4.7877084354097939     
        2800   12.975936315789477        4.7892782960443299     
        2810   12.943546592631574        4.7901568100916085     
        2820   12.913536929473690        4.7917653136947003     
        2830   12.884441937894735        4.7927068388056986     
        2840   12.857085829473681        4.7926297901988617     
        2850   12.828830748421053        4.7920725454158708     
        2860   12.796940084210521        4.7940723310240934     
        2870   12.770095789473682        4.7968957809286792     
        2880   12.738748645263160        4.7983391787854579     
        2890   12.706585890526316        4.7990928947933567     
        2900   12.675410115789475        4.7999825807268044     
        2910   12.644959382105263        4.8013905434648194     
        2920   12.613895394736842        4.8021149725250183     
        2930   12.583967574736846        4.8040344558449473     
        2940   12.553200607368423        4.8058254768671302     
        2950   12.524770543157896        4.8063755269151747     
        2960   12.495128220000002        4.8081452114586067     
        2970   12.465351127368420        4.8107487795061248     
        2980   12.435921826315790        4.8125519211486001     
        2990   12.404820232631575        4.8147069817456698     
        3000   12.372019421052629        4.8170032829000116     
        3010   12.339046489473683        4.8191388239836730     
        3020   12.306851317894736        4.8215166326732151     
        3030   12.272953809473682        4.8220425364382482     
        3040   12.239271643157895        4.8232110781804343     
        3050   12.204379331578945        4.8264358304098707     
        3060   12.172311378947368        4.8312378400651896     
        3070   12.139781721052636        4.8342479882407376     
        3080   12.109355974736845        4.8372892271041241     
        3090   12.079418553684214        4.8407192276196973     
        3100   12.047932918947366        4.8436899356303922     
        3110   12.016923405263160        4.8442549428005837     
        3120   11.986042261052635        4.8432191825901008     
        3130   11.955424428421058        4.8454422049906567     
        3140   11.924398129473683        4.8484420396206120     
        3150   11.890692015789474        4.8511979453037863     
        3160   11.858992483157897        4.8526577838705851     
        3170   11.827134631578948        4.8531405512054659     
        3180   11.792761877894730        4.8542858935401405     
        3190   11.758552095789474        4.8542953080740405     
        3200   11.725199349473687        4.8550845989670375     
        3210   11.691922793684210        4.8544662159360890     
        3220   11.654338530526315        4.8543319008191208     
        3230   11.618711189473688        4.8522460560585392     
        3240   11.583822403157894        4.8526761569243684     
        3250   11.548974207368421        4.8537878617879020     
        3260   11.515785118947370        4.8519467265883867     
        3270   11.481914470526316        4.8521013478327930     
        3280   11.447474834736838        4.8505154678843390     
        3290   11.413129095789476        4.8501581051148275     
        3300   11.378427266315791        4.8502616112765207     
        3310   11.345723786315782        4.8486772149509987     
        3320   11.313663002105262        4.8475195065409400     
        3330   11.279778713684214        4.8493876184878104     
        3340   11.247518556842104        4.8450176701592689     
        3350   11.216312742105263        4.8421087200457933     
        3360   11.182872595789474        4.8397795750803763     
        3370   11.152039998947366        4.8397860261361112     
        3380   11.122175228421053        4.8393930439182693     
        3390   11.090795651578944        4.8388053915315634     
        3400   11.061636754736844        4.8376506397698682     
        3410   11.031400608421054        4.8381668326674259     
        3420   10.998129107368419        4.8379414813172330     
        3430   10.965717221052630        4.8352428291485321     
        3440   10.931645787368421        4.8325655774698415     
        3450   10.897359736842107        4.8300977795135687     
        3460   10.864512704210526        4.8263485545075175     
        3470   10.832884160000001        4.8208602361454327     
        3480   10.798586600000002        4.8175846882405482     
        3490   10.767087489473683        4.8148894922171523     
        3500   10.734237853684210        4.8115995161821328     
        3510   10.700519549473686        4.8097927388013675     
        3520   10.666825360000001        4.8077760478391562     
        3530   10.633947986315791        4.8027823869954247     
        3540   10.602583547368420        4.7995728026447200     
        3550   10.572882021052632        4.7935521528623610     
        3560   10.544441732631576        4.7884271134590097     
        3570   10.514839817894741        4.7844427048989369     
        3580   10.480639563157895        4.7822693766009934     
        3590   10.449663876842102        4.7800468460989167     
        3600   10.418654011578951        4.7794546384703338     
        3610   10.390117246315787        4.7767475702803095     
        3620   10.359676152631588        4.7743279583575307     
        3630   10.330177657894740        4.7719375296491870     
        3640   10.300646670526319        4.7663934955043707     
        3650   10.273968870526318        4.7616750570686506     
        3660   10.245033997894739        4.7599620810399026     
        3670   10.216553102105262        4.7572436947718630     
        3680   10.189167837894738        4.7556293086018577     
        3690   10.160725726315793        4.7535785863874143     
        3700   10.132150317894734        4.7523252282389912     
        3710   10.104085893684212        4.7495810228788704     
        3720   10.075198408421059        4.7468249472991113     
        3730   10.043915693684207        4.7453364112924357     
        3740   10.011830371578949        4.7457769753517010     
        3750   9.9820313768421034        4.7450857287747397     
        3760   9.9515612747368394        4.7435735447026968     
        3770   9.9199838968421066        4.7422721606514262     
        3780   9.8874744947368409        4.7418505302292875     
        3790   9.8559363178947379        4.7402834594554877     
        3800   9.8249201463157938        4.7388572251310164     
        3810   9.7936873578947345        4.7359307766590346     
        3820   9.7608748926315805        4.7352160117065329     
        3830   9.7294045968421052        4.7347083688396161     
        3840   9.6996469757894737        4.7333594704908846     
        3850   9.6690878157894709        4.7328158383346981     
        3860   9.6380298147368411        4.7340669762376972     
        3870   9.6071849873684201        4.7334739809646038     
        3880   9.5745049073684196        4.7322678621484444     
        3890   9.5460716831578942        4.7297678500943556     
        3900   9.5164124778947308        4.7263424109490391     
        3910   9.4863362494736805        4.7246301199019483     
        3920   9.4555669242105296        4.7223681113611491     
        3930   9.4253397263157854        4.7230696763753501     
        3940   9.3968785042105267        4.7215480972199186     
        3950   9.3683603978947403        4.7186588850765290     
        3960   9.3397171789473656        4.7178913842353598     
        3970   9.3112588568421089        4.7161559528832173     
        3980   9.2825211863157886        4.7111680844569532     
        3990   9.2535742357894684        4.7086685187213702     
        4000   9.2275380252631596        4.7039567273037921     
        4010   9.2010413073684223        4.6979286445811637     
        4020   9.1734736242105299        4.6938402048823322     
        4030   9.1468481915789432        4.6891667706505338     
        4040   9.1207374957894736        4.6869803183511891     
        4050   9.0945926168421032        4.6846074929067907     
        4060   9.0692834957894757        4.6800141236098067     
        4070   9.0411570305263176        4.6797849104547762     
        4080   9.0127924168421050        4.6762531094010820     
        4090   8.9853143642105202        4.6712696513732599     
        4100   8.9589927757894756        4.6684439845329022     
        4110   8.9312051315789489        4.6653862309173402     
        4120   8.9003058536842108        4.6625060868003896     
        4130   8.8698563484210506        4.6579468502781882     
        4140   8.8429037515789481        4.6533886054908100     
        4150   8.8145156736842090        4.6487063088472453     
        4160   8.7845125431578968        4.6440916193487309     
        4170   8.7572131273684235        4.6378645374760827     
        4180   8.7270699294736822        4.6312414360155483     
        4190   8.6985610757894758        4.6267756111314799     
        4200   8.6706186126315785        4.6231246620839812     
        4210   8.6413191599999948        4.6200697026450150     
        4220   8.6123212778947362        4.6138543285074354     
        4230   8.5852062357894727        4.6086706454005331     
        4240   8.5561305673684220        4.6052457472765242     
        4250   8.5304486526315753        4.6001008705885233     
        4260   8.5043035821052619        4.5961156656871252     
        4270   8.4768727536842086        4.5938711802677359     
        4280   8.4511746410526278        4.5900119165681472     
        4290   8.4278291684210487        4.5819147591050839     
        4300   8.4026514084210504        4.5769479919088489     
        4310   8.3770597989473696        4.5724146499328313     
        4320   8.3508761894736843        4.5663081927473792     
        4330   8.3251715021052615        4.5599789295911073     
        4340   8.2979975684210530        4.5542531861987499     
        4350   8.2721628400000018        4.5502811892092554     
        4360   8.2465695063157849        4.5434169789304493     
        4370   8.2213408547368445        4.5383078613368273     
        4380   8.1958931189473709        4.5333780848388052     
        4390   8.1703845368421053        4.5249590916673750     
        4400   8.1453571736842107        4.5179549773475660     
        4410   8.1179391452631577        4.5105952784502144     
        4420   8.0892240673684235        4.5035023544820474     
        4430   8.0603975778947348        4.4969641462732772     
        4440   8.0333002189473657        4.4896606052177859     
        4450   8.0070280494736839        4.4811334559889060     
        4460   7.9784109526315854        4.4729519666655611     
        4470   7.9526254547368422        4.4663440069001989     
        4480   7.9291118505263176        4.4572657444338484     
        4490   7.9012214778947394        4.4484071586125165     
        4500   7.8740604199999984        4.4404300275254034     
        4510   7.8492426505263175        4.4334632869467594     
        4520   7.8207740631578933        4.4270748697801121     
        4530   7.7951574305263156        4.4171786970922646     
        4540   7.7716473631578946        4.4051733825085488     
        4550   7.7465825557894767        4.3962644586673632     
        4560   7.7214191905263165        4.3881759940232916     
        4570   7.6972460136842065        4.3805125761820083     
        4580   7.6720705642105260        4.3697994377209071     
        4590   7.6490664231578958        4.3574610786031203     
        4600   7.6230025894736846        4.3473472306421730     
        4610   7.5948588336842118        4.3373671163969370     
        4620   7.5690490105263173        4.3253024725885272     
        4630   7.5448265852631575        4.3162739660826963     
        4640   7.5204007105263164        4.3053925181915593     
        4650   7.4954263863157884        4.2945249260989158     
        4660   7.4708534452631605        4.2866153312474360     
        4670   7.4451743473684235        4.2799536528146715     
        4680   7.4211178663157886        4.2691621388494339     
        4690   7.3991728084210520        4.2584490643129715     
        4700   7.3760666684210525        4.2518667901942768     
        4710   7.3514916021052636        4.2452806663195535     
        4720   7.3278673757894754        4.2349673837039319     
        4730   7.3036085357894729        4.2245184412550749     
        4740   7.2781779673684204        4.2142424239127241     
        4750   7.2542624842105266        4.2047353449648712     
        4760   7.2272534210526276        4.1973255010117789     
        4770   7.2031928421052633        4.1854327942059308     
        4780   7.1779856905263157        4.1747847381969114     
        4790   7.1530042831578973        4.1660828373055487     
        4800   7.1287540484210492        4.1562901444500788     
        4810   7.1015946863157895        4.1468746316908156     
        4820   7.0772874673684196        4.1382176539813127     
        4830   7.0529666452631590        4.1286128827249815     
        4840   7.0263700726315790        4.1206886496283204     
        4850   7.0021750168421049        4.1107642261450907     
        4860   6.9754245884210535        4.1007734297101708     
        4870   6.9504932000000021        4.0904885790448953     
        4880   6.9253314968421051        4.0824048918834892     
        4890   6.9007457852631537        4.0751692941655522     
        4900   6.8769245757894728        4.0640825875718329     
        4910   6.8543223547368379        4.0541657439788708     
        4920   6.8306343547368416        4.0460671952887743     
        4930   6.8085499452631586        4.0363767663379262     
        4940   6.7842389831578958        4.0252345004035108     
        4950   6.7612812157894746        4.0117649728480682     
        4960   6.7400612157894759        3.9967761350650797     
        4970   6.7151092221052622        3.9830865862006206     
        4980   6.6920428789473636        3.9718111500330155     
        4990   6.6702094052631598        3.9591472124298712     
        5000   6.6471246652631573        3.9473535210482646     
        5010   6.6239672105263168        3.9373535370906367     
        5020   6.6027808063157902        3.9242899659268158     
        5030   6.5810310263157898        3.9146681044801466     
        5040   6.5599646599999986        3.9030549608344010     
        5050   6.5385869389473710        3.8897775910630905     
        5060   6.5157119294736860        3.8797398934670104     
        5070   6.4941724810526287        3.8668558419183534     
        5080   6.4708195452631596        3.8567738214184089     
        5090   6.4506432610526305        3.8440200496829897     
        5100   6.4307812315789521        3.8302105457930251     
        5110   6.4074822705263186        3.8183361439726804     
        5120   6.3842898915789466        3.8076202494524849     
        5130   6.3618278631578962        3.7955141970153705     
        5140   6.3394165357894723        3.7830094238561576     
        5150   6.3155564284210541        3.7725010639858279     
        5160   6.2918586736842110        3.7618415836892258     
        5170   6.2704135968421042        3.7496726157939388     
        5180   6.2485398284210500        3.7375448964947160     
        5190   6.2300295084210555        3.7267612024050183     
        5200   6.2088173326315763        3.7161492994295782     
        5210   6.1873991210526320        3.7070346777846503     
        5220   6.1678050673684215        3.6966518144003593     
        5230   6.1459803242105249        3.6853891757492763     
        5240   6.1223293799999992        3.6744751481951226     
        5250   6.1018954400000007        3.6629177938653199     
        5260   6.0806636726315793        3.6519361351204020     
        5270   6.0582895378947406        3.6406067926649102     
        5280   6.0368981431578961        3.6272624235326014     
        5290   6.0135344747368427        3.6153489769191727     
        5300   5.9921970315789475        3.6062602783191227     
        5310   5.9731145452631598        3.5949478294874400     
        5320   5.9512806684210524        3.5833476899233041     
        5330   5.9291248378947392        3.5703039364087985     
        5340   5.9087330663157873        3.5590801058818622     
        5350   5.8861774189473675        3.5470505462796198     
        5360   5.8638208715789499        3.5364364451845178     
        5370   5.8442494884210525        3.5243000402262932     
        5380   5.8244596147368428        3.5107294031879723     
        5390   5.8029998642105260        3.4995912247884049     
        5400   5.7816133768421079        3.4890353369510585     
        5410   5.7634421463157892        3.4773264393654628     
        5420   5.7446572263157911        3.4660013257434308     
        5430   5.7255689936842113        3.4534305809991852     
        5440   5.7037987315789476        3.4412498104452247     
        5450   5.6817924957894723        3.4288093792022534     
        5460   5.6648371757894740        3.4160480163469864     
        5470   5.6459380326315793        3.4042568877090789     
        5480   5.6252404000000009        3.3943079511110406     
        5490   5.6074877652631576        3.3818075425908729     
        5500   5.5883664684210528        3.3719595290524804     
        5510   5.5697333452631579        3.3619949170940790     
        5520   5.5508989684210519        3.3492020605964097     
        5530   5.5335166863157905        3.3376187757740556     
        5540   5.5136993694736844        3.3283063787057490     
        5550   5.4944691410526332        3.3170628912718798     
        5560   5.4753846957894723        3.3053309361577603     
        5570   5.4565615642105261        3.2953187461161404     
        5580   5.4390501684210530        3.2841333601427705     
        5590   5.4202047557894746        3.2711032578609931     
        5600   5.4021058747368409        3.2602999121116460     
        5610   5.3853447663157903        3.2502448479012731     
        5620   5.3697509947368403        3.2418466373674022     
        5630   5.3536161968421068        3.2311335931198277     
        5640   5.3332227452631571        3.2205204381069263     
        5650   5.3163238400000008        3.2103480791922605     
        5660   5.2996754515789481        3.1987148811361679     
        5670   5.2850308347368422        3.1868182713843916     
        5680   5.2719283231578951        3.1729309287905729     
        5690   5.2573706305263155        3.1612089295359023     
        5700   5.2390306147368406        3.1499333447783728     
        5710   5.2214890821052604        3.1375193908740955     
        5720   5.2051367873684198        3.1273572658867397     
        5730   5.1920997273684231        3.1157808857116804     
        5740   5.1766307578947366        3.1040486047606746     
        5750   5.1619283526315787        3.0902574797711790     
        5760   5.1476176736842101        3.0766998539097026     
        5770   5.1293822052631590        3.0636879826834917     
        5780   5.1123695821052628        3.0503383374319717     
        5790   5.0999092621052631        3.0378701648530488     
        5800   5.0836152221052631        3.0246051756934396     
        5810   5.0690011694736850        3.0116735341879224     
        5820   5.0547729905263159        3.0002521611705935     
        5830   5.0367938463157893        2.9903324983169028     
        5840   5.0228765621052629        2.9801217929080170     
        5850   5.0099598231578950        2.9689289288905925     
        5860   4.9918783094736847        2.9576924290049371     
        5870   4.9784963884210551        2.9472781240797921     
        5880   4.9641760284210541        2.9359886204344083     
        5890   4.9488279736842085        2.9234220725096773     
        5900   4.9365024031578955        2.9108620756263339     
        5910   4.9227835389473684        2.8983838205830050     
        5920   4.9058242757894757        2.8896309792157093     
        5930   4.8908687610526300        2.8807281188042233     
        5940   4.8754556621052654        2.8676876283517565     
        5950   4.8629516115789482        2.8556652395112248     
        5960   4.8509593284210535        2.8439237782694766     
        5970   4.8351395147368406        2.8343725033424207     
        5980   4.8205589157894728        2.8227427842621520     
        5990   4.8048718894736862        2.8135358723136479     
        6000   4.7911567147368412        2.8025002658002656     
        6010   4.7780228442105255        2.7902499716565603     
        6020   4.7638852199999997        2.7781513889076535     
        6030   4.7495362105263155        2.7665320048668858     
        6040   4.7366723105263171        2.7533861718603543     
        6050   4.7247816157894755        2.7396806991726064     
        6060   4.7111449999999975        2.7263856107124136     
        6070   4.6980035873684187        2.7125306526106718     
        6080   4.6833158052631587        2.6994140698810165     
        6090   4.6699119894736834        2.6856982026174951     
        6100   4.6589986305263160        2.6737875466164289     
        6110   4.6476309084210534        2.6612987147865765     
        6120   4.6361419631578951        2.6480355456892894     
        6130   4.6251023673684220        2.6359826327965910     
        6140   4.6131097021052625        2.6240825065417819     
        6150   4.5998455852631581        2.6142414195664867     
        6160   4.5867080473684219        2.6041702721393092     
        6170   4.5756644852631565        2.5925846813050213     
        6180   4.5648263189473708        2.5807936172976902     
        6190   4.5509746484210538        2.5712243414298834     
        6200   4.5375099115789466        2.5582134951315854     
        6210   4.5289809947368438        2.5438129884040208     
        6220   4.5174418557894729        2.5328848399914716     
        6230   4.5055962578947373        2.5199695344660746     
        6240   4.4939456147368428        2.5089375014645419     
        6250   4.4817826115789474        2.4983748123195850     
        6260   4.4723797821052642        2.4863802667626267     
        6270   4.4617860610526323        2.4772631871594433     
        6280   4.4518832252631562        2.4669416445737702     
        6290   4.4431527747368422        2.4552589602960446     
        6300   4.4318007694736847        2.4459709758080863     
        6310   4.4250832105263163        2.4375223622690445     
        6320   4.4129195126315786        2.4286708206211949     
        6330   4.4048109347368420        2.4176308817547199     
        6340   4.3973376189473710        2.4082584096329089     
        6350   4.3861214147368424        2.4010585578252743     
        6360   4.3788630905263144        2.3883484923467901     
        6370   4.3683236905263145        2.3786122030280055     
        6380   4.3579781115789480        2.3706176226444748     
        6390   4.3488122126315796        2.3590527601688747     
        6400   4.3392998389473689        2.3493511649906527     
        6410   4.3309735978947366        2.3385948327224839     
        6420   4.3220408621052639        2.3277102857543071     
        6430   4.3135769736842118        2.3171322872865474     
        6440   4.3044497852631576        2.3056111583299539     
        6450   4.2948093894736852        2.2958437909144571     
        6460   4.2894910978947358        2.2852594466103109     
        6470   4.2783869694736820        2.2759699513942397     
        6480   4.2665823905263167        2.2656110423134836     
        6490   4.2580206473684195        2.2539419589394498     
        6500   4.2501226978947368        2.2426813389730893     
        6510   4.2428481684210526        2.2327580235216677     
        6520   4.2330924042105247        2.2223283817260140     
        6530   4.2252442042105267        2.2108220077702607     
        6540   4.2161924884210524        2.2004651211570461     
        6550   4.2077771747368429        2.1919564816878330     
        6560   4.1999211326315793        2.1836639789604733     
        6570   4.1921002336842097        2.1730789349713988     
        6580   4.1850314115789482        2.1628678665041012     
        6590   4.1759332168421066        2.1534122988318796     
        6600   4.1668805989473663        2.1431615350786619     
        6610   4.1603787947368405        2.1308191899936402     
        6620   4.1527190021052602        2.1202476749365200     
        6630   4.1421904568421066        2.1113513767057954     
        6640   4.1351308599999985        2.0989756032012359     
        6650   4.1305185368421045        2.0888503073442743     
        6660   4.1223850000000013        2.0783699642214231     
        6670   4.1133544021052630        2.0676732886505831     
        6680   4.1042095926315785        2.0586135103021941     
        6690   4.0957051557894744        2.0473511463229128     
        6700   4.0885581326315794        2.0336592059812060     
        6710   4.0794737863157886        2.0241382779795201     
        6720   4.0729313536842104        2.0131609948737443     
        6730   4.0643343652631581        2.0040241845812501     
        6740   4.0563928705263166        1.9925222121347159     
        6750   4.0519140315789475        1.9820967184146141     
        6760   4.0453771799999982        1.9722387962665928     
        6770   4.0401790915789473        1.9625765925084653     
        6780   4.0327798484210531        1.9528377055741957     
        6790   4.0254590294736854        1.9448668846915005     
        6800   4.0204474410526307        1.9345110442906364     
        6810   4.0132386684210513        1.9215960334082225     
        6820   4.0070195231578944        1.9091252026574863     
        6830   3.9996444421052653        1.8986974782093227     
        6840   3.9940625189473686        1.8873190485620090     
        6850   3.9886193557894729        1.8744252504912948     
        6860   3.9814326557894733        1.8646070603143849     
        6870   3.9751972852631567        1.8562852390484217     
        6880   3.9689179294736823        1.8462872926516003     
        6890   3.9621853926315813        1.8351712842008434     
        6900   3.9534005600000008        1.8259242021124629     
        6910   3.9472281852631581        1.8146774131812358     
        6920   3.9385543884210525        1.8050315678952509     
        6930   3.9293603894736826        1.7980542809420650     
        6940   3.9249735399999985        1.7875614681267302     
        6950   3.9199339631578978        1.7775375298676146     
        6960   3.9148253526315808        1.7678323378183489     
        6970   3.9061874410526332        1.7590728582571258     
        6980   3.9014877442105265        1.7499991165546642     
        6990   3.8956995726315777        1.7400329133532109     
        7000   3.8884609842105262        1.7310431643069704     
        7010   3.8832630863157904        1.7238305650960590     
        7020   3.8780171210526335        1.7150006427287261     
        7030   3.8739091042105263        1.7075375490883644     
        7040   3.8668439157894743        1.6994715302402967     
        7050   3.8617208631578945        1.6906106779799681     
        7060   3.8610211515789468        1.6814926187770782     
        7070   3.8589022073684207        1.6706427868779381     
        7080   3.8512216115789468        1.6615652897010398     
        7090   3.8465621873684204        1.6524017395712101     
        7100   3.8438022673684191        1.6431119604901134     
        7110   3.8400558473684221        1.6332348391055760     
        7120   3.8349902694736833        1.6232187953350388     
        7130   3.8301664000000000        1.6120163776281293     
        7140   3.8264416726315793        1.6023866373158433     
        7150   3.8223121252631578        1.5934477039499102     
        7160   3.8147169810526309        1.5850712971908545     
        7170   3.8084264473684208        1.5725396485881740     
        7180   3.8054949852631572        1.5588559223154945     
        7190   3.8006540126315804        1.5486859176136332     
        7200   3.7938347136842103        1.5400771612141895     
        7210   3.7893880778947362        1.5309568034916550     
        7220   3.7830068810526307        1.5206993126464681     
        7230   3.7795247273684214        1.5104317123672224     
        7240   3.7762251873684214        1.5027202264774091     
        7250   3.7728550863157895        1.4932930525552226     
        7260   3.7701660684210512        1.4843689454003521     
        7270   3.7666685568421059        1.4736416018209322     
        7280   3.7612975494736851        1.4654582101913509     
        7290   3.7554729610526327        1.4574775069288106     
        7300   3.7531545242105269        1.4444000041598912     
        7310   3.7489814347368422        1.4349773200888107     
        7320   3.7429183263157886        1.4240205793390563     
        7330   3.7392815031578959        1.4118386775939864     
        7340   3.7346521978947367        1.4026636298047244     
        7350   3.7272865210526316        1.3940305861929547     
        7360   3.7234076284210533        1.3818752200352440     
        7370   3.7173839347368416        1.3717432467604762     
        7380   3.7114441663157884        1.3598620953268665     
        7390   3.7043394294736833        1.3470307476314569     
        7400   3.6978078094736841        1.3357620337847469     
        7410   3.6914221073684201        1.3245747414272120     
        7420   3.6852290242105257        1.3157477112096481     
        7430   3.6793961389473693        1.3032903103214470     
        7440   3.6744142884210533        1.2914438819395180     
        7450   3.6680198547368423        1.2806013732465225     
        7460   3.6620349652631581        1.2690254463560402     
        7470   3.6562401968421048        1.2583826359800072     
        7480   3.6504588884210518        1.2470069869304685     
        7490   3.6464381652631581        1.2353030325656471     
        7500   3.6411681747368423        1.2252115053113344     
        7510   3.6370356147368414        1.2142240079158577     
        7520   3.6329670621052634        1.2041100093173285     
        7530   3.6280299147368424        1.1957337144288371     
        7540   3.6231662210526308        1.1868389833484265     
        7550   3.6202610410526326        1.1773010072115122     
        7560   3.6170143410526312        1.1685122449169187     
        7570   3.6117015168421056        1.1586528800332057     
        7580   3.6106365473684208        1.1485880845442973     
        7590   3.6072833810526319        1.1397120162548799     
        7600   3.6011216715789480        1.1327267022255620     
        7610   3.5980543715789466        1.1232195536720304     
        7620   3.5959053157894743        1.1112725896231910     
        7630   3.5925950136842109        1.1004431126407421     
        7640   3.5887791884210540        1.0896007773171614     
        7650   3.5843681915789483        1.0789902665715050     
        7660   3.5808067642105250        1.0663221437635340     
        7670   3.5786430778947360        1.0562879568425121     
        7680   3.5754359547368435        1.0469615589750061     
        7690   3.5715444399999989        1.0367284253298903     
        7700   3.5690903326315793        1.0259594971743109     
        7710   3.5654768505263155        1.0141392290278406     
        7720   3.5605593684210528        1.0062084928314226     
        7730   3.5553776136842119       0.99862507271695955     
        7740   3.5539917505263166       0.98820720095830628     
        7750   3.5491523978947375       0.97891803407922906     
        7760   3.5463736505263150       0.96857252661873350     
        7770   3.5423126421052644       0.95910619127881636     
        7780   3.5384775473684216       0.95363561337889313     
        7790   3.5353137757894721       0.94776512309219507     
        7800   3.5342707610526314       0.93699369520249021     
        7810   3.5299110852631572       0.92546776588253632     
        7820   3.5245577631578944       0.91519173447897662     
        7830   3.5225426557894712       0.90473477100100275     
        7840   3.5229040873684214       0.89450386841163410     
        7850   3.5162798726315798       0.88313343593481597     
        7860   3.5122294926315791       0.87243975136570062     
        7870   3.5100001810526327       0.86405889331471675     
        7880   3.5071151757894738       0.85454833578511391     
        7890   3.5040872673684218       0.84490713334494860     
        7900   3.5003031884210527       0.83831535435112225     
        7910   3.4979483168421055       0.82926751162499723     
        7920   3.4955638357894725       0.81823611151641851     
        7930   3.4906256463157894       0.80646316151371589     
        7940   3.4871892673684211       0.79623268330725505     
        7950   3.4831260905263166       0.78927481609481343     
        7960   3.4789038452631571       0.77808770572725061     
        7970   3.4764458368421041       0.76624195569441389     
        7980   3.4754280042105266       0.75517480888507094     
        7990   3.4707676989473666       0.74305442493144858     
        8000   3.4670728063157901       0.73361173399127100     
        8010   3.4655955610526319       0.72485450223112280     
        8020   3.4621887800000009       0.71643570874670204     
        8030   3.4604115831578959       0.70915255520194509     
        8040   3.4574730947368439       0.70059914414958446     
        8050   3.4546490242105277       0.69013918659512108     
        8060   3.4514341863157902       0.68072898862344500     
        8070   3.4487875799999990       0.67278060821920571     
        8080   3.4466184484210531       0.66314688423258994     
        8090   3.4458338210526329       0.65143313269499181     
        8100   3.4430119578947376       0.64199878538031496     
        8110   3.4390982768421061       0.63219715153782907     
        8120   3.4380469452631579       0.62245453764672543     
        8130   3.4323090021052645       0.61550320717023310     
        8140   3.4297750894736838       0.60846738425539459     
        8150   3.4283483547368419       0.59789517557878602     
        8160   3.4237321294736840       0.58950718841077898     
        8170   3.4218005789473680       0.57994611089508197     
        8180   3.4194735600000010       0.57096467661586792     
        8190   3.4146524536842113       0.56183223425294826     
        8200   3.4130843484210520       0.55240257311585328     
        8210   3.4110702726315778       0.54525038074712318     
        8220   3.4078487768421057       0.54010285649178480     
        8230   3.4038211978947368       0.53366462369383671     
        8240   3.4008633810526332       0.52473847057044976     
        8250   3.4004956473684227       0.51775304551924806     
        8260   3.3966775873684201       0.50866469106170320     
        8270   3.3950076705263164       0.50344671401554908     
        8280   3.3935539084210524       0.49958487971360643     
        8290   3.3919038336842102       0.49361560134392496     
        8300   3.3912240631578947       0.48797703955569460     
        8310   3.3882403273684214       0.48420159864733853     
        8320   3.3877163736842104       0.47699677690390330     
        8330   3.3843757526315787       0.47101243712624735     
        8340   3.3825783115789445       0.46371307724387339     
        8350   3.3827188694736843       0.45866879742260425     
        8360   3.3804270600000006       0.45308559558903827     
        8370   3.3761610431578939       0.44674894239537066     
        8380   3.3728926221052631       0.43676531094942145     
        8390   3.3724082684210539       0.42838597313481824     
        8400   3.3703782821052637       0.41947988851700968     
        8410   3.3667985199999992       0.41173214613614001     
        8420   3.3647533305263151       0.40262417105076320     
        8430   3.3625648799999999       0.39441095627409350     
        8440   3.3588608178947377       0.38790330799381173     
        8450   3.3593951568421043       0.37843804695455380     
        8460   3.3576408484210525       0.36924689281908829     
        8470   3.3546439568421045       0.36197799875436426     
        8480   3.3518084336842113       0.35380346885028896     
        8490   3.3464210442105271       0.34620390167101084     
        8500   3.3448478063157894       0.33567465060211221     
        8510   3.3460658168421062       0.32632559704914077     
        8520   3.3446206800000002       0.31785294460887187     
        8530   3.3388547663157904       0.30824185225907669     
        8540   3.3366160231578945       0.29785282595682472     
        8550   3.3345071694736848       0.28746263473509820     
        8560   3.3327586642105267       0.27813990031704250     
        8570   3.3285826031578951       0.26967002768007425     
        8580   3.3262315410526329       0.25933032746324863     
        8590   3.3227612757894738       0.25170623714275353     
        8600   3.3212787315789467       0.24403882777684627     
        8610   3.3224818221052601       0.23567938078647246     
        8620   3.3210343336842092       0.22717315393495405     
        8630   3.3179028252631571       0.21818074384528274     
        8640   3.3143512147368428       0.21026848074709623     
        8650   3.3122549105263159       0.20307323297756152     
        8660   3.3109045200000002       0.19706313986095317     
        8670   3.3078735484210515       0.18880442866495664     
        8680   3.3064388663157902       0.17888077938043337     
        8690   3.3068505094736840       0.16738583494106460     
        8700   3.3033624515789470       0.15951526510228001     
        8710   3.2993563431578945       0.15192920714558589     
        8720   3.2961285642105262       0.14129968213463878     
        8730   3.2948267357894734       0.12978777671198521     
        8740   3.2931953126315787       0.11912956733569875     
        8750   3.2907543557894732       0.10858430647311312     
        8760   3.2892793378947354       9.65590271983043369E-002
        8770   3.2865569042105256       8.82237439133365803E-002
        8780   3.2855822210526311       8.15490063073035371E-002
        8790   3.2842628421052638       7.26250832656480938E-002
        8800   3.2831890189473691       6.42200538897565176E-002
        8810   3.2804177336842102       5.48162091586216690E-002
        8820   3.2793970221052624       4.77625695631522934E-002
        8830   3.2791594463157887       4.13871523396763322E-002
        8840   3.2776987052631590       3.62973537272568147E-002
        8850   3.2754251747368421       3.11222100226183560E-002
        8860   3.2754003021052625       2.55148152330410792E-002
        8870   3.2750338399999999       2.36911050980668676E-002
        8880   3.2710637347368436       2.23304714291699472E-002
        8890   3.2692026673684218       2.01252810305478196E-002
        8900   3.2704017389473670       1.52985889022783043E-002
        8910   3.2725446894736838       1.64148405973056598E-002
        8920   3.2695472199999998       1.58956350344602003E-002
        8930   3.2702268052631571       1.59339896008159794E-002
        8940   3.2729097568421057       1.59428388534805718E-002
        8950   3.2726881494736846       1.70041631385579872E-002
        8960   3.2719894136842114       1.71615545636965225E-002
        8970   3.2713698747368425       1.44218159892390164E-002
        8980   3.2720859589473696       1.39652448775208458E-002
        8990   3.2708549884210525       1.48574603536584509E-002
        9000   3.2711990610526325       1.67999944658211511E-002
        9010   3.2712606957894721       1.57532872904416546E-002
        9020   3.2728078094736848       1.59435614943470201E-002
        9030   3.2710635842105287       1.70146197353411473E-002
        9040   3.2693431852631587       1.55219238167708072E-002
        9050   3.2697368799999995       1.57722883684845265E-002
        9060   3.2696128652631580       1.76923605432816357E-002
        9070   3.2693079884210534       1.70107300889274886E-002
        9080   3.2722175442105259       1.57058257712810075E-002
        9090   3.2727486294736843       1.54135075423457966E-002
        9100   3.2708343421052630       1.27840682023320409E-002
        9110   3.2736349021052620       1.67286803010033014E-002
        9120   3.2741952410526318       1.67191951776996944E-002
        9130   3.2720375115789464       1.44648697288569088E-002
        9140   3.2711199368421040       1.56924583295776805E-002
        9150   3.2711395294736838       1.63452455262181919E-002
        9160   3.2726491315789472       1.50901082877690478E-002
        9170   3.2709844810526314       1.66307106899460030E-002
        9180   3.2704319115789477       1.51500721650491589E-002
        9190   3.2707857357894734       1.55151789271306580E-002
        9200   3.2711270842105260       1.54466006929232617E-002
        9210   3.2677442336842102       1.39436387991550073E-002
        9220   3.2680877536842114       1.53526091933816854E-002
        9230   3.2695593000000001       1.47906889494674228E-002
        9240   3.2685561978947364       1.66511724468209263E-002
        9250   3.2697076021052625       1.49375764716608173E-002
        9260   3.2699703915789451       1.51077390970920291E-002
        9270   3.2681197905263151       1.75288045604448141E-002
        9280   3.2683913094736856       1.48827063969236457E-002
        9290   3.2684097221052646       1.54110196042561726E-002
        9300   3.2691631315789453       1.45204432228452571E-002
        9310   3.2703352547368421       1.44424737705448111E-002
        9320   3.2712239305263169       1.56580211137665043E-002
        9330   3.2721903442105251       1.45115352070873879E-002
        9340   3.2719756831578950       1.61486201162657113E-002
        9350   3.2725834936842095       1.61352274098053340E-002
        9360   3.2706357589473680       1.45165647945303972E-002
        9370   3.2710020263157915       1.79379338165192824E-002
        9380   3.2708347705263163       1.82142599050383359E-002
        9390   3.2695889831578944       1.46800801778988431E-002
        9400   3.2700132936842112       1.44645192177585945E-002
        9410   3.2701812178947365       1.65959134428825469E-002
        9420   3.2712379610526310       1.52157152725865864E-002
        9430   3.2704265294736841       1.38142716286547285E-002
        9440   3.2721285210526312       1.46227191277152491E-002
        9450   3.2709831789473665       1.45372710350227894E-002
        9460   3.2687920873684213       1.32047105561460317E-002
        9470   3.2697467442105270       1.50471986703020737E-002
        9480   3.2713412905263146       1.45697286309213886E-002
        9490   3.2711838989473683       1.54302125688547242E-002
        9500   3.2703726305263170       1.52456860178060722E-002
        9510   3.2701555168421050       1.36289483786795271E-002
        9520   3.2710451736842132       1.55425915449697964E-002
        9530   3.2715129863157895       1.59069181102290888E-002
        9540   3.2701407694736830       1.50729309344626774E-002
        9550   3.2705392610526300       1.66038948816442204E-002
        9560   3.2728482000000008       1.69194496374248347E-002
        9570   3.2736797526315793       1.61105131512527186E-002
        9580   3.2716100284210512       1.48562428345058312E-002
        9590   3.2704684789473690       1.62898930732891592E-002
        9600   3.2702093421052645       1.49604624848913969E-002
        9610   3.2703243526315791       1.68615115478777215E-002
        9620   3.2713108715789452       1.56482877570846036E-002
        9630   3.2694093400000002       1.60605727415816697E-002
        9640   3.2687713189473686       1.68191249196034641E-002
        9650   3.2705188421052633       1.66347877690484029E-002
        9660   3.2682144684210526       1.61274731651215898E-002
        9670   3.2690552094736867       1.49995359986591376E-002
        9680   3.2690920915789476       1.32960901081307474E-002
        9690   3.2677722305263153       1.59338592792734428E-002
        9700   3.2686439947368422       1.60845894921926927E-002
        9710   3.2692329389473698       1.51490831051355763E-002
        9720   3.2674401252631577       1.56346602352317003E-002
        9730   3.2680489821052645       1.51588825696094519E-002
        9740   3.2668378242105236       1.42589104884380188E-002
        9750   3.2693967568421050       1.50645998921803935E-002
        9760   3.2690536778947368       1.49639385078082533E-002
        9770   3.2672374263157891       1.45342145827223775E-002
        9780   3.2687902389473664       1.64148227555309632E-002
        9790   3.2704802210526314       1.52125338229240174E-002
        9800   3.2707960357894739       1.58769281373233942E-002
        9810   3.2727757600000014       1.57549009684440043E-002
        9820   3.2715959621052639       1.64126244074425560E-002
        9830   3.2703100431578935       1.46043234010081145E-002
        9840   3.2698157294736849       1.54096018452748416E-002
        9850   3.2688077936842124       1.46185733273338885E-002
        9860   3.2707935042105252       1.51564602699188061E-002
        9870   3.2713990326315794       1.64438320986330586E-002
        9880   3.2715617378947393       1.64433523044080696E-002
        9890   3.2720210326315793       1.64360765888724621E-002
        9900   3.2716136936842095       1.63009443628124064E-002
        9910   3.2704673305263166       1.47291609195144176E-002
        9920   3.2698592136842111       1.72082977596963796E-002
        9930   3.2707892589473682       1.66385891145716079E-002
        9940   3.2719898599999997       1.53314300638445165E-002
        9950   3.2698207821052638       1.39286345402405542E-002
        9960   3.2690426421052625       1.54270425405510989E-002
        9970   3.2706649263157890       1.52297572369209308E-002
        9980   3.2695077189473674       1.56092908829498622E-002
        9990   3.2690327431578945       1.48052470488450848E-002
       10000   3.2689604494736866       1.46497781346751742E-002
