          10   20.785677010101008        3.9950971705329326     
          20   20.787037343434346        3.9952728053095816     
          30   20.784559000000002        3.9970444054292997     
          40   20.781329838383840        3.9970693963656729     
          50   20.780651181818182        3.9968047524499459     
          60   20.781424070707072        3.9958937516396897     
          70   20.782493494949495        3.9974753023886054     
          80   20.782471070707057        3.9952368387823292     
          90   20.784207676767686        3.9937121529691493     
         100   20.784690767676761        3.9944592047989427     
         110   20.783076727272721        3.9956250975780079     
         120   20.781827767676770        3.9966284637865424     
         130   20.779434393939393        3.9978719545610422     
         140   20.774947616161615        4.0003945380609123     
         150   20.768276454545465        4.0015382270907445     
         160   20.762023828282835        4.0042831561797572     
         170   20.758043191919192        4.0072695989554301     
         180   20.751221595959592        4.0095193875332686     
         190   20.745659030303031        4.0093176390537799     
         200   20.740223333333329        4.0107105418824034     
         210   20.735385090909091        4.0119996788803114     
         220   20.726961101010104        4.0148476963010014     
         230   20.720178030303032        4.0177297133981806     
         240   20.713940676767677        4.0176718078569449     
         250   20.707059646464643        4.0191369259340481     
         260   20.700868202020203        4.0194656086824665     
         270   20.694654323232328        4.0212640375670103     
         280   20.687269565656564        4.0217268432102022     
         290   20.677796222222224        4.0210369470605301     
         300   20.669934616161619        4.0214115656138194     
         310   20.661505444444440        4.0215054750709216     
         320   20.653386767676775        4.0210861555701882     
         330   20.648076929292934        4.0204613695504614     
         340   20.641330939393939        4.0202113631276211     
         350   20.633260212121218        4.0190268282718531     
         360   20.623601434343431        4.0208772421077548     
         370   20.615191545454547        4.0204562860076001     
         380   20.607332919191915        4.0161784424089566     
         390   20.598216454545454        4.0146208790769888     
         400   20.589762505050512        4.0154773985316199     
         410   20.583855868686879        4.0157800654421534     
         420   20.578309404040404        4.0168128599347721     
         430   20.570838282828284        4.0196551159963247     
         440   20.562583878787887        4.0225875277900922     
         450   20.556096808080802        4.0255238251864887     
         460   20.548788888888890        4.0282686242770191     
         470   20.538321121212114        4.0297548249312021     
         480   20.529726787878793        4.0296288414252821     
         490   20.521568949494945        4.0314723393110690     
         500   20.511466747474746        4.0309817149253284     
         510   20.502551505050505        4.0336563174728930     
         520   20.494273353535355        4.0348307963480412     
         530   20.486214656565657        4.0378251033273100     
         540   20.475221323232319        4.0389274768585395     
         550   20.464992282828288        4.0402167941116858     
         560   20.456056737373739        4.0427032202277600     
         570   20.446370939393940        4.0440849593202044     
         580   20.437370767676768        4.0469791700893882     
         590   20.429987555555559        4.0488266767774483     
         600   20.421372141414132        4.0516278534248942     
         610   20.414231181818185        4.0522837534591716     
         620   20.407617121212127        4.0550603989750797     
         630   20.399188808080801        4.0576892066985906     
         640   20.390357212121213        4.0599846082634805     
         650   20.381704353535358        4.0628676749520700     
         660   20.369576040404038        4.0635357317463638     
         670   20.357737282828285        4.0636980720226790     
         680   20.347990707070704        4.0641468681508881     
         690   20.336437010101008        4.0664054242634453     
         700   20.324904737373739        4.0697840841451693     
         710   20.312975323232326        4.0718885730557419     
         720   20.301736888888890        4.0721772861916916     
         730   20.288461131313127        4.0714743566602314     
         740   20.278875151515145        4.0714143707789248     
         750   20.267655191919182        4.0735014021364027     
         760   20.258349868686867        4.0765683240714550     
         770   20.247157525252522        4.0806555027247882     
         780   20.235869363636358        4.0825101687167322     
         790   20.227612656565650        4.0863192245093840     
         800   20.219657262626264        4.0906436092994971     
         810   20.211233292929300        4.0938158869080006     
         820   20.203659232323229        4.0969200379726942     
         830   20.193970131313137        4.1007168939104117     
         840   20.183153353535356        4.1054989277645824     
         850   20.173449111111111        4.1071123944039174     
         860   20.162943787878792        4.1085804485980590     
         870   20.151864626262622        4.1102565680781673     
         880   20.142461717171710        4.1116891961010209     
         890   20.132949393939398        4.1135576154920068     
         900   20.122882424242416        4.1158072671947625     
         910   20.111638444444452        4.1192888600002000     
         920   20.101859919191917        4.1196206166979579     
         930   20.092027393939400        4.1194680687604093     
         940   20.081340616161619        4.1201711528437226     
         950   20.070545737373745        4.1184117303687655     
         960   20.058571343434355        4.1202452927839861     
         970   20.048574808080804        4.1223202077683085     
         980   20.037771505050500        4.1252719319881503     
         990   20.026064454545448        4.1268065756969143     
        1000   20.015363888888892        4.1296757329897655     
        1010   20.005124868686870        4.1313895569710244     
        1020   19.995374484848483        4.1336084037287026     
        1030   19.983661212121223        4.1365799569708042     
        1040   19.973635050505042        4.1410259800992799     
        1050   19.962291323232332        4.1457538861690688     
        1060   19.950589696969690        4.1505697282829450     
        1070   19.941001787878790        4.1563410924529673     
        1080   19.929652787878787        4.1603962227373410     
        1090   19.919584686868692        4.1645858886181406     
        1100   19.906837969696966        4.1697047590382370     
        1110   19.893169929292938        4.1756027814725609     
        1120   19.882009232323234        4.1811806987568563     
        1130   19.870514494949500        4.1856794811702880     
        1140   19.859310171717180        4.1890807683069262     
        1150   19.847247181818190        4.1905526501918455     
        1160   19.835453131313130        4.1909841867906392     
        1170   19.824527151515152        4.1938777332858903     
        1180   19.811547808080800        4.1986823453061612     
        1190   19.797933949494944        4.2029983143702685     
        1200   19.784367252525243        4.2054302702926734     
        1210   19.772216555555559        4.2090060811583774     
        1220   19.760045555555553        4.2126129703854414     
        1230   19.745192080808089        4.2145179819457885     
        1240   19.731082030303032        4.2189750228514651     
        1250   19.717661878787876        4.2223556951411609     
        1260   19.702939767676767        4.2245999057822274     
        1270   19.687250060606058        4.2254908061320853     
        1280   19.671653656565660        4.2281507226138517     
        1290   19.655626949494952        4.2317608384589800     
        1300   19.640404434343434        4.2349550918329655     
        1310   19.627983111111121        4.2382398291748569     
        1320   19.612003252525245        4.2406395576999802     
        1330   19.599466343434340        4.2403682733551706     
        1340   19.586798979797983        4.2413522464564739     
        1350   19.575129484848492        4.2432279592340523     
        1360   19.562703474747472        4.2450434620753814     
        1370   19.550944797979792        4.2456844415561434     
        1380   19.539634212121211        4.2463650684849759     
        1390   19.529506505050509        4.2453231623942518     
        1400   19.518430525252523        4.2460552963882128     
        1410   19.506525525252528        4.2483305578564501     
        1420   19.495912181818184        4.2490708859325004     
        1430   19.484525898989908        4.2502073673230125     
        1440   19.474666787878785        4.2511829379775570     
        1450   19.463213626262636        4.2516483669314304     
        1460   19.452150383838386        4.2530185338961921     
        1470   19.440572999999993        4.2548263025807005     
        1480   19.428153727272722        4.2555082216993725     
        1490   19.415339262626265        4.2572750966987147     
        1500   19.404764050505054        4.2596221311611693     
        1510   19.392813979797975        4.2609901903631107     
        1520   19.380809888888891        4.2661501513899793     
        1530   19.370029424242418        4.2713740462659384     
        1540   19.358447131313127        4.2759252634268847     
        1550   19.345354404040414        4.2795595014312449     
        1560   19.334699404040407        4.2839471660144666     
        1570   19.322342454545453        4.2867091992302546     
        1580   19.311923656565661        4.2879224758650318     
        1590   19.301245575757576        4.2892617165818399     
        1600   19.289590151515156        4.2925616428377005     
        1610   19.277048575757576        4.2943137216051284     
        1620   19.262943939393935        4.2969398952080553     
        1630   19.250684828282814        4.3001744544337974     
        1640   19.237510636363634        4.3020534255350356     
        1650   19.224134252525257        4.3016781080225019     
        1660   19.210937929292918        4.3027382690478237     
        1670   19.199117121212122        4.3032158983043445     
        1680   19.186966575757570        4.3049624308519743     
        1690   19.174043838383838        4.3058017229113323     
        1700   19.161889272727276        4.3090335958150723     
        1710   19.150686151515146        4.3107230170762483     
        1720   19.137176242424236        4.3121747156042334     
        1730   19.124473232323229        4.3144538749535313     
        1740   19.110904222222221        4.3175880199392456     
        1750   19.096910484848486        4.3200597897079147     
        1760   19.083223616161622        4.3229338039759266     
        1770   19.068971171717177        4.3262371399601607     
        1780   19.054881222222225        4.3302971721684633     
        1790   19.041035131313127        4.3314603680990080     
        1800   19.028221090909089        4.3328149517122956     
        1810   19.015480080808086        4.3363530287615788     
        1820   18.999355131313131        4.3401454696297046     
        1830   18.984748808080809        4.3421319866849784     
        1840   18.970196454545459        4.3421644639863519     
        1850   18.956306131313131        4.3439592779752632     
        1860   18.943352111111111        4.3443387384782666     
        1870   18.928496151515162        4.3464419652039092     
        1880   18.913384292929301        4.3474107429596502     
        1890   18.901802393939391        4.3489949648063542     
        1900   18.887430646464647        4.3506869539534785     
        1910   18.873444595959597        4.3512936963084208     
        1920   18.860228282828292        4.3524386674123274     
        1930   18.844250656565656        4.3556522370288633     
        1940   18.827843646464647        4.3594210477560882     
        1950   18.809162555555559        4.3642243458225316     
        1960   18.792922989898997        4.3649865346708818     
        1970   18.776988757575754        4.3662867703162815     
        1980   18.761880353535354        4.3676286754327389     
        1990   18.746526191919202        4.3692272696400343     
        2000   18.731925919191912        4.3699936427804591     
        2010   18.716557767676765        4.3722254919684680     
        2020   18.700886181818174        4.3745745580833812     
        2030   18.687520707070703        4.3767279111165918     
        2040   18.675969464646471        4.3795559696575284     
        2050   18.660437848484847        4.3845698359401348     
        2060   18.644708545454545        4.3859123956233148     
        2070   18.628227505050507        4.3880322763477402     
        2080   18.613364090909094        4.3884553045605372     
        2090   18.597619959595967        4.3892400046313131     
        2100   18.582771121212119        4.3920175918706983     
        2110   18.567774404040406        4.3938585678059052     
        2120   18.554926121212119        4.3975247143506957     
        2130   18.540557595959605        4.3987062742513805     
        2140   18.527487171717166        4.4002149262437209     
        2150   18.515978424242430        4.4035290409841759     
        2160   18.502171101010095        4.4066862725512657     
        2170   18.487089777777779        4.4094211077624852     
        2180   18.471355151515155        4.4123691529495659     
        2190   18.456157323232318        4.4179267510057914     
        2200   18.439849747474753        4.4225127547767240     
        2210   18.423248868686869        4.4259501995484944     
        2220   18.408345070707067        4.4286602656319936     
        2230   18.394199868686865        4.4315598970875012     
        2240   18.378693050505053        4.4347258319022913     
        2250   18.362843494949505        4.4381481898108719     
        2260   18.347249101010107        4.4390075168379086     
        2270   18.330219070707077        4.4413672925802956     
        2280   18.311717121212116        4.4399383584578942     
        2290   18.292819595959603        4.4394301825497164     
        2300   18.274019161616163        4.4402102574328879     
        2310   18.255018373737375        4.4406446557904315     
        2320   18.235822757575750        4.4421921782326015     
        2330   18.222234343434341        4.4405831118131367     
        2340   18.206882080808079        4.4421611833969115     
        2350   18.192408696969707        4.4454055453059445     
        2360   18.177806737373729        4.4469229027914352     
        2370   18.162490121212119        4.4466744528168487     
        2380   18.148650232323231        4.4483494833537724     
        2390   18.134067787878788        4.4493377763844304     
        2400   18.120775101010103        4.4509569431047113     
        2410   18.107648858585847        4.4537773315062674     
        2420   18.093220707070703        4.4573850973769078     
        2430   18.079352161616171        4.4621530973763779     
        2440   18.067164939393948        4.4632438147698963     
        2450   18.051604666666670        4.4665472257910173     
        2460   18.037648636363627        4.4694299960882686     
        2470   18.021176444444443        4.4738500269356622     
        2480   18.004554393939387        4.4768039364281700     
        2490   17.989108999999999        4.4784929408095238     
        2500   17.973907131313137        4.4784113043984686     
        2510   17.958178010101005        4.4823650948478448     
        2520   17.940373575757583        4.4862898336143191     
        2530   17.923304929292925        4.4877630027671369     
        2540   17.905068626262622        4.4900474074535390     
        2550   17.888957141414135        4.4921794598152385     
        2560   17.873612131313134        4.4940854827097425     
        2570   17.856013989898987        4.4989335617045789     
        2580   17.841304292929287        4.5050614439205505     
        2590   17.826319232323225        4.5109780470665148     
        2600   17.812148737373736        4.5155431088895055     
        2610   17.798839757575760        4.5209523785395529     
        2620   17.786091510101009        4.5243746779278231     
        2630   17.772523092929298        4.5275500415399010     
        2640   17.758533506060612        4.5303632626743902     
        2650   17.744308281818181        4.5352716181929251     
        2660   17.729867482828290        4.5402182783827794     
        2670   17.712993154545458        4.5434616760484534     
        2680   17.697230414141412        4.5492119650494782     
        2690   17.680303342424249        4.5529337891406909     
        2700   17.661947762626262        4.5579770460549103     
        2710   17.645099648484852        4.5617251191868311     
        2720   17.630287990909085        4.5663118248867001     
        2730   17.613338337373737        4.5702733302111556     
        2740   17.596554150505042        4.5749670775041906     
        2750   17.579635493939396        4.5780332953114851     
        2760   17.565065124242427        4.5809449350135525     
        2770   17.550922540404041        4.5848004530712352     
        2780   17.536443898989909        4.5877735129109878     
        2790   17.521143742424240        4.5889901534378374     
        2800   17.505931451515149        4.5915173746723417     
        2810   17.489642334343422        4.5950427242940366     
        2820   17.476353160606063        4.5982490635784803     
        2830   17.461465156565662        4.6026139136835047     
        2840   17.446110694949500        4.6049745191548652     
        2850   17.430270023232318        4.6089412341201550     
        2860   17.415145330303034        4.6141704443751355     
        2870   17.401159930303031        4.6188505702271980     
        2880   17.386806187878786        4.6236221343856698     
        2890   17.371652556565653        4.6275531784651474     
        2900   17.356295819191921        4.6292394235867755     
        2910   17.338767246464641        4.6327299059777172     
        2920   17.323303724242425        4.6371519595407786     
        2930   17.305218901010107        4.6397133803726751     
        2940   17.287226451515153        4.6425461531655454     
        2950   17.271459217171717        4.6482443492311063     
        2960   17.254497661616160        4.6518892077432996     
        2970   17.238391481818180        4.6564747299225582     
        2980   17.225175958585858        4.6599574449082111     
        2990   17.210116751515148        4.6633964849104652     
        3000   17.194622257575762        4.6676648627717645     
        3010   17.178589362626258        4.6726228079708889     
        3020   17.162809363636349        4.6775335272062737     
        3030   17.146707916161613        4.6813626093718579     
        3040   17.129202121212117        4.6851622078184558     
        3050   17.111734785858591        4.6888378466869991     
        3060   17.093792847474752        4.6925833298572348     
        3070   17.077094393939394        4.6954484081609937     
        3080   17.060006270707063        4.7007318877314352     
        3090   17.042346282828280        4.7046394880676727     
        3100   17.025085733333334        4.7086264277246741     
        3110   17.007647318181817        4.7124432039986743     
        3120   16.992185828282828        4.7159308471484884     
        3130   16.975752018181819        4.7206315832808343     
        3140   16.959405141414145        4.7235277368197668     
        3150   16.942792908080808        4.7282845355657708     
        3160   16.928466679797985        4.7333939371208587     
        3170   16.911893963636366        4.7375519127374881     
        3180   16.894696684848487        4.7407254003558119     
        3190   16.879849777777775        4.7466098752897823     
        3200   16.864356005050507        4.7514439851153742     
        3210   16.850006107070701        4.7551537105016708     
        3220   16.833772492929292        4.7589901794467355     
        3230   16.815590433333327        4.7600312311142741     
        3240   16.795972056565667        4.7632444740333755     
        3250   16.778877578787878        4.7684262160965707     
        3260   16.762689012121214        4.7730253931466837     
        3270   16.745918507070712        4.7800365293288447     
        3280   16.727636701010105        4.7831026549748321     
        3290   16.711901472727281        4.7840392810979280     
        3300   16.693430690909086        4.7865512690494469     
        3310   16.676743410101015        4.7901658620512766     
        3320   16.661152638383836        4.7928347088053389     
        3330   16.642315236363640        4.7969975985779287     
        3340   16.625187707070708        4.8000858882180282     
        3350   16.609213456565659        4.8038734326688486     
        3360   16.594138080808083        4.8092087815815141     
        3370   16.579256568686869        4.8115310294112135     
        3380   16.564842187878796        4.8116892833468849     
        3390   16.548192073737386        4.8134050894835667     
        3400   16.530393274747475        4.8152948145316330     
        3410   16.511872206060602        4.8180827433174640     
        3420   16.495228515151517        4.8209064649176048     
        3430   16.477009918181821        4.8216872606677530     
        3440   16.461628821212120        4.8221669619936884     
        3450   16.446201925252531        4.8231261734375988     
        3460   16.429952177777778        4.8241183760022315     
        3470   16.414372813131319        4.8244109554660826     
        3480   16.398326530303034        4.8271228228282750     
        3490   16.379528149494956        4.8284828012557215     
        3500   16.362759874747479        4.8300726325367451     
        3510   16.348789319191923        4.8316184616604954     
        3520   16.332354624242420        4.8335935289075538     
        3530   16.317520076767682        4.8342581997208507     
        3540   16.300676392929294        4.8362136256860841     
        3550   16.284673647474747        4.8373556096546428     
        3560   16.269207703030307        4.8388560839295804     
        3570   16.251265818181821        4.8386079912276800     
        3580   16.235498712121217        4.8391547278189559     
        3590   16.218127401010101        4.8416162609392890     
        3600   16.202153116161615        4.8443445643607825     
        3610   16.185051152525251        4.8456333188230634     
        3620   16.168892864646462        4.8469517999577505     
        3630   16.151265033333335        4.8503326154649979     
        3640   16.134870043434340        4.8567988473020911     
        3650   16.119585069696964        4.8596218496101118     
        3660   16.104731367676763        4.8625608308165997     
        3670   16.090226271717171        4.8634643423685864     
        3680   16.075483582828284        4.8636296254100548     
        3690   16.058965117171720        4.8648151863186886     
        3700   16.042521542424240        4.8664182414834478     
        3710   16.025221835353534        4.8662297357184121     
        3720   16.006867459595956        4.8660404852525536     
        3730   15.991988006060609        4.8666087077430182     
        3740   15.978129043434347        4.8680870903215956     
        3750   15.961628036363633        4.8689227644919724     
        3760   15.946724334343440        4.8726429038776580     
        3770   15.930450991919198        4.8719999458960430     
        3780   15.911470843434344        4.8721434166808191     
        3790   15.895419064646477        4.8708020585145642     
        3800   15.879681290909096        4.8696929400975932     
        3810   15.863635047474755        4.8693941929975102     
        3820   15.845177956565657        4.8721866954524842     
        3830   15.826205087878792        4.8748886465809038     
        3840   15.807630066666670        4.8779000193469892     
        3850   15.788844449494952        4.8800186845530726     
        3860   15.770114576767678        4.8826052987388620     
        3870   15.752035702020205        4.8856706365534661     
        3880   15.734754216161623        4.8865387621123677     
        3890   15.718392860606057        4.8878313132717768     
        3900   15.702882671717175        4.8883314747904265     
        3910   15.686247749494946        4.8895038779263018     
        3920   15.668562076767675        4.8896004350219302     
        3930   15.650405813131314        4.8906485508301278     
        3940   15.634401451515149        4.8930142546002360     
        3950   15.615421479797972        4.8930652955018443     
        3960   15.597014751515150        4.8924220310616402     
        3970   15.580472901010097        4.8938882759313058     
        3980   15.561654218181824        4.8931075560106780     
        3990   15.544210545454549        4.8948923170994796     
        4000   15.525403802020204        4.8948627794074460     
        4010   15.509578326262625        4.8944009673560593     
        4020   15.492291449494946        4.8956743616626017     
        4030   15.475637420202025        4.8972634575162459     
        4040   15.459830172727278        4.8983564240385418     
        4050   15.443374902020194        4.9000804755730885     
        4060   15.427397155555552        4.9032038479518016     
        4070   15.409815442424243        4.9048015629346118     
        4080   15.393029842424243        4.9059810636253109     
        4090   15.377569500000000        4.9055795288136395     
        4100   15.360269072727268        4.9072351360462241     
        4110   15.343271562626263        4.9084110234365692     
        4120   15.326642221212126        4.9104553960867436     
        4130   15.310018470707073        4.9139974040237524     
        4140   15.292776668686868        4.9162627730359061     
        4150   15.276340194949494        4.9194687021066192     
        4160   15.262330645454547        4.9207911747777953     
        4170   15.246156736363632        4.9216195212650407     
        4180   15.228866240404047        4.9232620388611448     
        4190   15.213670307070711        4.9278290700519891     
        4200   15.195744804040414        4.9317077694230536     
        4210   15.177073870707076        4.9365306558319659     
        4220   15.159286207070712        4.9387622419379049     
        4230   15.141751469696970        4.9397472819089847     
        4240   15.124128126262624        4.9415820936104486     
        4250   15.106874836363636        4.9432999514858071     
        4260   15.088420919191924        4.9454843206957850     
        4270   15.071309894949497        4.9479609258524269     
        4280   15.055358144444442        4.9491656307965144     
        4290   15.039601519191914        4.9502320780035820     
        4300   15.020878586868683        4.9508622803396873     
        4310   15.005692593939399        4.9520012692582007     
        4320   14.988667353535353        4.9539344247908277     
        4330   14.971078276767678        4.9573178928191863     
        4340   14.953836706060606        4.9597101893713642     
        4350   14.935664971717165        4.9593056007773964     
        4360   14.918684234343431        4.9611023008548321     
        4370   14.901235966666661        4.9602653637478573     
        4380   14.882726958585856        4.9607118751266377     
        4390   14.865342602020196        4.9611193374960472     
        4400   14.848588345454541        4.9619643940226377     
        4410   14.830365428282837        4.9626632103547559     
        4420   14.813942747474748        4.9642854843785589     
        4430   14.794243094949495        4.9655111130680183     
        4440   14.776029304040406        4.9676377642737481     
        4450   14.757815383838382        4.9673692680357320     
        4460   14.737069679797978        4.9680996241559514     
        4470   14.716505905050500        4.9714762832589932     
        4480   14.698243645454545        4.9724327659671914     
        4490   14.678482985858587        4.9739833552655472     
        4500   14.658742376767673        4.9774716496968869     
        4510   14.638052051515158        4.9812438003683006     
        4520   14.619773345454544        4.9853086659379366     
        4530   14.603225642424245        4.9882290581231796     
        4540   14.588611601010097        4.9903215897006001     
        4550   14.571595128282841        4.9948528780772739     
        4560   14.555572097979795        4.9977135384824107     
        4570   14.540059944444444        4.9995069219326869     
        4580   14.524412539393937        5.0014982893117930     
        4590   14.508472603030308        5.0033799920812356     
        4600   14.492754665656566        5.0070036455462130     
        4610   14.477232258585861        5.0088688888917270     
        4620   14.461385551515152        5.0090029378354046     
        4630   14.446199496969696        5.0098293898096404     
        4640   14.429068731313128        5.0106901240208250     
        4650   14.412407677777775        5.0092265681687174     
        4660   14.395849381818181        5.0073087906779561     
        4670   14.379587631313129        5.0047992323494146     
        4680   14.365256323232316        5.0050804048843478     
        4690   14.349936648484857        5.0049369519992704     
        4700   14.334222213131309        5.0062532872308445     
        4710   14.319645262626258        5.0073517058376575     
        4720   14.302990122222219        5.0086320871512360     
        4730   14.286141870707075        5.0106954807872404     
        4740   14.266972458585858        5.0128343133363780     
        4750   14.250255193939397        5.0142389244993497     
        4760   14.234698547474752        5.0147476262600330     
        4770   14.217803189898994        5.0149418872863984     
        4780   14.199388813131320        5.0167437109303554     
        4790   14.182178740404039        5.0161721427754689     
        4800   14.164668119191925        5.0163756707455880     
        4810   14.145596295959596        5.0166365735175482     
        4820   14.128271576767673        5.0174646665725389     
        4830   14.111028844444446        5.0214814023430066     
        4840   14.094935293939397        5.0227086250132471     
        4850   14.077145827272727        5.0249501472143008     
        4860   14.057960041414137        5.0268335735954581     
        4870   14.040612361616164        5.0285628151398019     
        4880   14.022100617171715        5.0313281672759063     
        4890   14.003607742424235        5.0340205560803559     
        4900   13.986480652525254        5.0354658879127969     
        4910   13.971946906060605        5.0355201289855112     
        4920   13.954114440404044        5.0376960272025579     
        4930   13.935574426262624        5.0401110417051704     
        4940   13.917475168686876        5.0401598671377776     
        4950   13.900666024242417        5.0390880737334234     
        4960   13.885416990909086        5.0376004392392364     
        4970   13.868321717171714        5.0389743101814330     
        4980   13.849280007070710        5.0400251146536981     
        4990   13.829493646464648        5.0414672631241944     
        5000   13.810200381818182        5.0420573123005550     
        5010   13.790604444444437        5.0450470717137570     
        5020   13.770619266666666        5.0442842172695208     
        5030   13.749038061616162        5.0429595268715888     
        5040   13.728149630303035        5.0432702781041581     
        5050   13.707882433333330        5.0447359627017239     
        5060   13.684712921212119        5.0463139308087106     
        5070   13.663109331313130        5.0451713380735326     
        5080   13.642681405050492        5.0435648918183391     
        5090   13.620983059595957        5.0425191516021650     
        5100   13.600127881818175        5.0432086317434246     
        5110   13.582186044444448        5.0447086906190357     
        5120   13.564462162626256        5.0456916291060496     
        5130   13.545722047474744        5.0492902554173273     
        5140   13.526753921212125        5.0521125137816867     
        5150   13.510873837373742        5.0533587173235510     
        5160   13.494764038383838        5.0582776478023517     
        5170   13.476328757575754        5.0590546307851927     
        5180   13.457165367676765        5.0591624173068732     
        5190   13.438572776767678        5.0597801656951455     
        5200   13.420065636363635        5.0597212177282929     
        5210   13.400795629292931        5.0585842270434167     
        5220   13.383719739393936        5.0589007791921370     
        5230   13.366056969696967        5.0595483591242889     
        5240   13.348642236363641        5.0590884508156844     
        5250   13.333115380808081        5.0588298627688921     
        5260   13.315549541414143        5.0577953803269340     
        5270   13.296400276767679        5.0592047613586537     
        5280   13.277638212121214        5.0616305566817426     
        5290   13.258519738383837        5.0616237317585799     
        5300   13.240226749494953        5.0630645678363955     
        5310   13.222354858585858        5.0655094664440474     
        5320   13.204294264646464        5.0695989601499098     
        5330   13.184330881818180        5.0735969217884795     
        5340   13.165514126262625        5.0776823743858071     
        5350   13.144562412121212        5.0800984002135348     
        5360   13.123537949494949        5.0837117909092733     
        5370   13.104162664646474        5.0866227576339718     
        5380   13.085718709090910        5.0890725678086630     
        5390   13.065187091919190        5.0926178231876964     
        5400   13.046535830303025        5.0966441336402575     
        5410   13.026625513131318        5.0992089180914872     
        5420   13.007063874747471        5.1001739346057757     
        5430   12.985872253535357        5.1010760410266993     
        5440   12.965924426262623        5.1046748479129676     
        5450   12.945353757575752        5.1079389785837250     
        5460   12.925356880808078        5.1085009439266926     
        5470   12.905400271717175        5.1124514949559252     
        5480   12.886647544444441        5.1157631918216717     
        5490   12.870510794949491        5.1176459992566325     
        5500   12.851169783838385        5.1199195885955522     
        5510   12.831417095959599        5.1243965378368719     
        5520   12.816385433333327        5.1284853519276608     
        5530   12.798928523232322        5.1325045684798347     
        5540   12.781360251515148        5.1369561587015928     
        5550   12.762232014141413        5.1412872407202004     
        5560   12.742665692929293        5.1471198448832602     
        5570   12.723123389898985        5.1503745889546080     
        5580   12.704146542424235        5.1527962119459030     
        5590   12.684579923232320        5.1545801881261086     
        5600   12.666692218181815        5.1564156799770871     
        5610   12.647976515151521        5.1591541266817424     
        5620   12.626879397979799        5.1630821417051305     
        5630   12.605484368686865        5.1684489979561512     
        5640   12.586497517171720        5.1718862978613895     
        5650   12.566860373737370        5.1724515020247059     
        5660   12.547348106060603        5.1735395128928205     
        5670   12.527350708080808        5.1713359563567005     
        5680   12.506377791919196        5.1725188104084969     
        5690   12.488158632323236        5.1734717068316805     
        5700   12.469819475757577        5.1753351607999400     
        5710   12.447993601010101        5.1758283010343051     
        5720   12.427008438383831        5.1784958428145886     
        5730   12.410243771717168        5.1804644002660725     
        5740   12.389823517171724        5.1815989319705569     
        5750   12.369835572727268        5.1834666887415830     
        5760   12.349890027272719        5.1832616119145349     
        5770   12.329528781818182        5.1853620028515524     
        5780   12.311442370707073        5.1849148766882394     
        5790   12.293202367676770        5.1844193905408220     
        5800   12.274171294949488        5.1859597713048240     
        5810   12.255023529292933        5.1877399022826562     
        5820   12.234643904040398        5.1893301939099485     
        5830   12.214782079797976        5.1895163966728806     
        5840   12.194119614141409        5.1898133272692091     
        5850   12.174919498989897        5.1885997980412126     
        5860   12.156306726262624        5.1913314981384922     
        5870   12.136249301010109        5.1910195726736248     
        5880   12.114581176767675        5.1900617886567293     
        5890   12.093602095959593        5.1921803935500765     
        5900   12.074257302020204        5.1932590309896174     
        5910   12.053612587878785        5.1918023450573099     
        5920   12.035732970707071        5.1912463259806874     
        5930   12.016887837373742        5.1927961035781776     
        5940   11.997742110101008        5.1937923793634759     
        5950   11.979261187878787        5.1941206867262819     
        5960   11.961591240404044        5.1942765048761110     
        5970   11.942032712121216        5.1931536034617993     
        5980   11.925187143434345        5.1944738159395900     
        5990   11.907632243434341        5.1968977677205723     
        6000   11.889681949494946        5.1970390746614488     
        6010   11.872035777777775        5.1973336534754440     
        6020   11.853882538383838        5.1987091550208140     
        6030   11.836318711111110        5.1984150142883268     
        6040   11.819167360606055        5.1996987709966369     
        6050   11.798542493939394        5.1980607250270374     
        6060   11.781166746464647        5.1988092735056686     
        6070   11.762538474747478        5.1993316168221266     
        6080   11.743223841414142        5.1978452903646808     
        6090   11.724640706060605        5.1965442690953232     
        6100   11.703594719191917        5.1988458238733486     
        6110   11.683588398989896        5.1983289885235475     
        6120   11.666010294949492        5.1959674418525861     
        6130   11.646413809090909        5.1949940235528578     
        6140   11.627871763636362        5.1951717894995548     
        6150   11.609480788888890        5.1967412574729526     
        6160   11.590746689898991        5.1982908808469430     
        6170   11.572658170707076        5.1968330215963743     
        6180   11.554457736363632        5.1959572618496628     
        6190   11.534176468686862        5.1952503326595094     
        6200   11.515384608080806        5.1942098704334088     
        6210   11.493209782828288        5.1921974150777439     
        6220   11.471386190909088        5.1913185286713581     
        6230   11.451856212121212        5.1913360229966967     
        6240   11.430241666666666        5.1921721463405790     
        6250   11.410042522222220        5.1923567706664810     
        6260   11.388656341414139        5.1902819429792419     
        6270   11.368816839393935        5.1898423131204510     
        6280   11.347924784848479        5.1888129565909669     
        6290   11.327958867676765        5.1893220942294862     
        6300   11.307081490909086        5.1899629694850695     
        6310   11.285846990909086        5.1894166769983805     
        6320   11.265324705050510        5.1896233064111446     
        6330   11.245678089898991        5.1900617435776359     
        6340   11.228613092929287        5.1892806390136128     
        6350   11.210140988888892        5.1892011256821950     
        6360   11.191939076767678        5.1867131313470560     
        6370   11.173139380808083        5.1855088433127934     
        6380   11.153930264646471        5.1831078382533029     
        6390   11.135948889898991        5.1808695280551689     
        6400   11.116979532323237        5.1811083285507804     
        6410   11.097683548484845        5.1819451241521728     
        6420   11.076846563636364        5.1813274004928989     
        6430   11.057042324242424        5.1805458055346376     
        6440   11.036615106060609        5.1758322094133487     
        6450   11.015277838383838        5.1733691556243739     
        6460   10.996751237373738        5.1710803976680486     
        6470   10.977532230303030        5.1683097761135137     
        6480   10.959688007070712        5.1641512290915692     
        6490   10.941506565656567        5.1600351878020314     
        6500   10.924782735353540        5.1557212498193232     
        6510   10.909821110101012        5.1499742002234594     
        6520   10.892369306060610        5.1460337777283538     
        6530   10.876965311111112        5.1397649464605033     
        6540   10.859375336363632        5.1358639155146815     
        6550   10.841940730303030        5.1327733970687826     
        6560   10.825689543434347        5.1303926153424682     
        6570   10.808219418181816        5.1280776098213314     
        6580   10.789914109090905        5.1227176354148867     
        6590   10.771089937373736        5.1190967626645003     
        6600   10.752265677777777        5.1152330763585745     
        6610   10.734839309090910        5.1131633192199502     
        6620   10.714678921212125        5.1107694804029187     
        6630   10.696459993939397        5.1105887646974910     
        6640   10.677514073737376        5.1091391808242452     
        6650   10.656898143434347        5.1076386629487374     
        6660   10.636570275757578        5.1068437991128537     
        6670   10.617080804040404        5.1055174290140268     
        6680   10.600002791919191        5.1028960981658917     
        6690   10.582058793939392        5.1005144581330635     
        6700   10.562954341414143        5.0991029723626680     
        6710   10.545731556565659        5.0988998154685090     
        6720   10.526915349494946        5.0987660476639949     
        6730   10.508304316161619        5.0985609733399606     
        6740   10.491870765656568        5.0980166704353271     
        6750   10.475595759595960        5.0980611374456037     
        6760   10.455503839393934        5.0980460030975223     
        6770   10.436083826262632        5.0972839637030054     
        6780   10.417393725252522        5.0970233907224660     
        6790   10.399881885858582        5.0943391389773796     
        6800   10.381921237373740        5.0930230562732612     
        6810   10.364604995959597        5.0902742886543164     
        6820   10.345024572727270        5.0888918538368557     
        6830   10.326627893939392        5.0877153250498575     
        6840   10.311869112121210        5.0833752742706659     
        6850   10.296776300000003        5.0813629653130761     
        6860   10.277887131313131        5.0774871429307922     
        6870   10.259628229292931        5.0729332408178713     
        6880   10.243415530303034        5.0697119908420403     
        6890   10.225628263636361        5.0693517946088580     
        6900   10.208828985858586        5.0673099217089765     
        6910   10.191766210101012        5.0665018644873125     
        6920   10.174054905050506        5.0642874034214813     
        6930   10.157147530303030        5.0584657050751032     
        6940   10.141571718181817        5.0550323737383858     
        6950   10.127699891919194        5.0522499211569087     
        6960   10.110533253535351        5.0500987478942889     
        6970   10.093524238383837        5.0474621661073709     
        6980   10.078499747474748        5.0448324058433611     
        6990   10.061765649494946        5.0417659852012093     
        7000   10.044561478787871        5.0404941954109388     
        7010   10.026767476767681        5.0384426771427639     
        7020   10.012087913131312        5.0362494646894884     
        7030   9.9971713525252515        5.0333710427165421     
        7040   9.9831625373737367        5.0281043043577887     
        7050   9.9678284131313131        5.0249337140704213     
        7060   9.9513203151515093        5.0232644546787313     
        7070   9.9366254272727268        5.0214899242411732     
        7080   9.9215732242424224        5.0223709038748749     
        7090   9.9043775919191930        5.0200538335798397     
        7100   9.8886008909090890        5.0183582587024862     
        7110   9.8710695404040401        5.0175032607944914     
        7120   9.8549794040404048        5.0132603711763561     
        7130   9.8392958151515124        5.0067630807343111     
        7140   9.8239462717171691        4.9999433468242751     
        7150   9.8080847989898992        4.9947986645403901     
        7160   9.7923330131313087        4.9907824044442064     
        7170   9.7755408292929253        4.9871774707446042     
        7180   9.7569723434343434        4.9844316207065518     
        7190   9.7407075666666625        4.9793639042591158     
        7200   9.7249006727272764        4.9739165384700552     
        7210   9.7075421969696958        4.9724251309012297     
        7220   9.6901926818181803        4.9714091093052355     
        7230   9.6727885969696974        4.9715734396856828     
        7240   9.6557100929292918        4.9708309827557713     
        7250   9.6377677737373695        4.9681159785285383     
        7260   9.6219756383838355        4.9654518917552046     
        7270   9.6040060414141397        4.9619312614754607     
        7280   9.5862074717171719        4.9582058317171533     
        7290   9.5670048686868707        4.9567002091397256     
        7300   9.5485094505050512        4.9538457403912526     
        7310   9.5314079898989892        4.9483515385931680     
        7320   9.5126054777777771        4.9445262089473596     
        7330   9.4934525919191888        4.9416267775035445     
        7340   9.4737119070707081        4.9380292045781786     
        7350   9.4546267828282833        4.9353824770023138     
        7360   9.4371002464646470        4.9306476284556009     
        7370   9.4210701939393928        4.9268820914450711     
        7380   9.4035379838383868        4.9217943525058265     
        7390   9.3852918838383879        4.9183671941945004     
        7400   9.3697483212121213        4.9126728537809283     
        7410   9.3532912707070697        4.9075560951020654     
        7420   9.3335765353535329        4.9054827160993675     
        7430   9.3168154666666663        4.8990895896329292     
        7440   9.3003964333333364        4.8933407165886287     
        7450   9.2835071515151508        4.8898689702854385     
        7460   9.2645995070707006        4.8856814327915243     
        7470   9.2467445323232322        4.8821088468171006     
        7480   9.2268717535353488        4.8779646272346122     
        7490   9.2055214090909097        4.8743931462861454     
        7500   9.1866140333333295        4.8689308401297078     
        7510   9.1677040878787910        4.8650585285708372     
        7520   9.1504175909090879        4.8604195359406406     
        7530   9.1316994171717187        4.8563929038534521     
        7540   9.1128792858585879        4.8535089901531112     
        7550   9.0953816878787883        4.8487041272592482     
        7560   9.0797840828282812        4.8427342687503856     
        7570   9.0656465565656550        4.8407495076279918     
        7580   9.0479013424242414        4.8380084444202351     
        7590   9.0305461020202031        4.8330002528371079     
        7600   9.0127807222222209        4.8306886750648488     
        7610   8.9971568505050499        4.8287535044719014     
        7620   8.9814205353535339        4.8234433592513630     
        7630   8.9663412262626263        4.8179457575208806     
        7640   8.9480264848484836        4.8152704007814489     
        7650   8.9298028969696954        4.8093232649108622     
        7660   8.9124055949494938        4.8037059465750609     
        7670   8.8968107434343420        4.7985608049404869     
        7680   8.8797397707070704        4.7943580768136496     
        7690   8.8629831292929353        4.7915379621121108     
        7700   8.8465958383838394        4.7880297971963994     
        7710   8.8310382909090883        4.7836320090690387     
        7720   8.8185734939393985        4.7786526803097908     
        7730   8.8049850676767676        4.7729410573810558     
        7740   8.7881950595959601        4.7706453680324898     
        7750   8.7696881383838399        4.7697818455631875     
        7760   8.7529767040404014        4.7689602160310773     
        7770   8.7335319363636401        4.7664252535625451     
        7780   8.7152041757575738        4.7615838690451477     
        7790   8.7017755343434349        4.7564689653251397     
        7800   8.6846933909090946        4.7526485770528932     
        7810   8.6669332848484864        4.7502996414797165     
        7820   8.6503929262626240        4.7473877836005274     
        7830   8.6337256575757593        4.7431374748589548     
        7840   8.6182289626262634        4.7382662782942830     
        7850   8.6022378060606037        4.7359318651840008     
        7860   8.5866064808080829        4.7326176116812366     
        7870   8.5710661737373748        4.7305566657980389     
        7880   8.5557649383838399        4.7267996740037663     
        7890   8.5417330343434319        4.7242656589844607     
        7900   8.5266560030303040        4.7226856360937015     
        7910   8.5113478666666662        4.7202240753394173     
        7920   8.4962170818181821        4.7181608147610703     
        7930   8.4804870999999977        4.7126456461806789     
        7940   8.4638032434343451        4.7078006745786771     
        7950   8.4464050040404040        4.7029879617485983     
        7960   8.4299853707070707        4.6990091674417354     
        7970   8.4159265121212155        4.6927193302814070     
        7980   8.4016546727272736        4.6879250250601059     
        7990   8.3880772666666665        4.6826181809747283     
        8000   8.3726547383838383        4.6785010731611933     
        8010   8.3558464959595877        4.6727139460518332     
        8020   8.3380741212121201        4.6682068100805747     
        8030   8.3223572242424240        4.6621233569790306     
        8040   8.3096864757575748        4.6580808383000925     
        8050   8.2949187565656590        4.6532053311843038     
        8060   8.2795526747474746        4.6487958267788336     
        8070   8.2633628424242431        4.6441911786504679     
        8080   8.2461964929292950        4.6396706504302143     
        8090   8.2287500717171689        4.6332886761594487     
        8100   8.2124721828282894        4.6286264797547796     
        8110   8.1973162878787900        4.6233786989269055     
        8120   8.1823429858585879        4.6168109657653220     
        8130   8.1692865797979817        4.6113893387781424     
        8140   8.1527723898989883        4.6052771618408030     
        8150   8.1356196535353558        4.6016978974688572     
        8160   8.1190219787878757        4.5944505841509660     
        8170   8.1038300949494975        4.5879986891270850     
        8180   8.0889604797979793        4.5815304032566546     
        8190   8.0731487787878766        4.5776800949699403     
        8200   8.0576287393939356        4.5720574773183120     
        8210   8.0438828626262602        4.5642798477266844     
        8220   8.0294765989899002        4.5585767999612052     
        8230   8.0154220191919201        4.5537641509444748     
        8240   8.0007008404040416        4.5474582895486328     
        8250   7.9861628353535368        4.5376291092180887     
        8260   7.9700447050505066        4.5336682027712323     
        8270   7.9548517151515146        4.5295558240418066     
        8280   7.9393886383838383        4.5240584699357091     
        8290   7.9244672494949517        4.5185373183295114     
        8300   7.9094178767676757        4.5115787116260826     
        8310   7.8938704565656552        4.5086056249471635     
        8320   7.8795253151515139        4.5043061641184972     
        8330   7.8655764686868705        4.4987840989458716     
        8340   7.8494987090909092        4.4924861448744000     
        8350   7.8354030676767694        4.4873433179344593     
        8360   7.8203586323232299        4.4826130727817004     
        8370   7.8065686454545409        4.4796416743101757     
        8380   7.7921259272727257        4.4727641745227364     
        8390   7.7771717585858573        4.4669330079030702     
        8400   7.7620326040404075        4.4617788479656859     
        8410   7.7449290868686882        4.4572467243693259     
        8420   7.7275074616161614        4.4516179626463881     
        8430   7.7136452050505078        4.4448746000842227     
        8440   7.7005049020202048        4.4406895696052704     
        8450   7.6855304272727327        4.4359685290389894     
        8460   7.6691407565656577        4.4286110324064358     
        8470   7.6516496020201981        4.4213470548577307     
        8480   7.6356223888888870        4.4156640513593466     
        8490   7.6190344363636351        4.4072980760043130     
        8500   7.6011869303030304        4.3995854406890418     
        8510   7.5857686909090907        4.3915244301618204     
        8520   7.5687947717171697        4.3838368263157594     
        8530   7.5505021949494955        4.3787305754969852     
        8540   7.5365953303030357        4.3726717411642744     
        8550   7.5203826484848513        4.3647544236892628     
        8560   7.5057142111111110        4.3593290888031255     
        8570   7.4921369414141408        4.3566273908284829     
        8580   7.4771218646464659        4.3521879798647305     
        8590   7.4618428393939391        4.3483225598955402     
        8600   7.4478491363636348        4.3436408143593406     
        8610   7.4336565797979812        4.3388662443016264     
        8620   7.4200129757575732        4.3368684065500931     
        8630   7.4056476747474722        4.3327720660484461     
        8640   7.3901361878787899        4.3286536178339530     
        8650   7.3774047747474780        4.3247103548251742     
        8660   7.3666666969696983        4.3192229754437559     
        8670   7.3542780515151556        4.3176054556691401     
        8680   7.3405078414141416        4.3182868620134771     
        8690   7.3295239919191930        4.3148038560506574     
        8700   7.3176671474747517        4.3099344592047766     
        8710   7.3069283171717165        4.3056185304882053     
        8720   7.2958986363636322        4.3026407350515914     
        8730   7.2836658080808077        4.2973418857818899     
        8740   7.2701306585858614        4.2923478331735634     
        8750   7.2568102939393899        4.2869331541526314     
        8760   7.2428910686868679        4.2811585378287527     
        8770   7.2312311858585883        4.2743903272515613     
        8780   7.2171240101010072        4.2672988193028134     
        8790   7.2014914444444420        4.2614645057087914     
        8800   7.1867586303030313        4.2554289676556749     
        8810   7.1729920040404043        4.2490482195162809     
        8820   7.1585111686868714        4.2426796845364017     
        8830   7.1463676303030317        4.2366248742940877     
        8840   7.1328554939393944        4.2291533808953847     
        8850   7.1191173484848473        4.2217072072302644     
        8860   7.1052570686868659        4.2147757874761700     
        8870   7.0910560545454544        4.2067105022188276     
        8880   7.0778197666666669        4.1984767199677595     
        8890   7.0643528424242419        4.1906330057357346     
        8900   7.0507455282828291        4.1840460652907208     
        8910   7.0383284101010144        4.1766805137367253     
        8920   7.0240481464646445        4.1692670992864480     
        8930   7.0115102101010089        4.1631362306826079     
        8940   6.9982889868686851        4.1582394653953871     
        8950   6.9871903161616133        4.1529197675097222     
        8960   6.9779357434343474        4.1472935168940532     
        8970   6.9662498262626267        4.1427294778718338     
        8980   6.9527879626262612        4.1394446005785683     
        8990   6.9427157707070704        4.1360518145092930     
        9000   6.9309862191919205        4.1300798707591095     
        9010   6.9184549484848468        4.1243142585957688     
        9020   6.9051003696969708        4.1211842831497112     
        9030   6.8929894848484849        4.1174155852957188     
        9040   6.8825442242424266        4.1107034407235270     
        9050   6.8689012707070711        4.1030027904058954     
        9060   6.8557045232323253        4.0978463863299632     
        9070   6.8447289848484862        4.0901668738715022     
        9080   6.8317657595959638        4.0830793045721592     
        9090   6.8185338999999985        4.0780401591204596     
        9100   6.8037854939393911        4.0724850909748644     
        9110   6.7899544434343433        4.0671636152580337     
        9120   6.7761879181818205        4.0606268877954985     
        9130   6.7647894858585857        4.0532956237974069     
        9140   6.7514832373737370        4.0457827820771115     
        9150   6.7375319070707089        4.0397548195915167     
        9160   6.7244169555555580        4.0332368695499792     
        9170   6.7135222414141396        4.0255789600771470     
        9180   6.7036523131313102        4.0204311760398701     
        9190   6.6903142121212138        4.0169790739899378     
        9200   6.6781786292929279        4.0109032111504215     
        9210   6.6654666484848475        4.0021276263186802     
        9220   6.6550565565656576        3.9949502963806647     
        9230   6.6451703838383844        3.9876649854292445     
        9240   6.6339753111111150        3.9822692980738328     
        9250   6.6239411727272710        3.9795146651038289     
        9260   6.6156430292929285        3.9735557004699196     
        9270   6.6045832111111142        3.9701157750283338     
        9280   6.5935685040404080        3.9654754281656288     
        9290   6.5838796898989909        3.9591034434636780     
        9300   6.5730802535353510        3.9540471598529292     
        9310   6.5644835232323242        3.9493610164481145     
        9320   6.5526076494949486        3.9444294749387718     
        9330   6.5429154030303076        3.9366884309225192     
        9340   6.5316188050505053        3.9285552642716151     
        9350   6.5221447525252518        3.9233809353225730     
        9360   6.5152116696969680        3.9180411045144590     
        9370   6.5057033878787864        3.9118677319424222     
        9380   6.4929856979797984        3.9056341314434029     
        9390   6.4774192505050472        3.8979547013713054     
        9400   6.4640705141414134        3.8879888356504870     
        9410   6.4541930191919192        3.8816493968580410     
        9420   6.4454428303030333        3.8736274580765859     
        9430   6.4342581585858589        3.8647772870639634     
        9440   6.4222033949494932        3.8577317344184547     
        9450   6.4088799757575794        3.8515846577187149     
        9460   6.3965464181818170        3.8452344526320741     
        9470   6.3830709131313137        3.8360535631041937     
        9480   6.3707331838383805        3.8268495397123337     
        9490   6.3568060161616167        3.8196057762192863     
        9500   6.3433256717171709        3.8123547009530152     
        9510   6.3327303707070737        3.8027129384469380     
        9520   6.3211563040404055        3.7948967776641482     
        9530   6.3064607151515144        3.7896007587223521     
        9540   6.2953919898989907        3.7810113702560182     
        9550   6.2807658010101042        3.7761957207296604     
        9560   6.2680742343434339        3.7705468682192884     
        9570   6.2562293181818172        3.7622643271139022     
        9580   6.2401071717171712        3.7574738820481377     
        9590   6.2306690404040390        3.7502288700979345     
        9600   6.2182219191919188        3.7441131179498686     
        9610   6.2075514555555538        3.7371712418430403     
        9620   6.1948347868686868        3.7274659810365809     
        9630   6.1831719070707072        3.7200060429909199     
        9640   6.1741518767676764        3.7132207045325814     
        9650   6.1628421575757537        3.7069592442918369     
        9660   6.1492563353535363        3.6999152746634252     
        9670   6.1384910111111104        3.6925545477418948     
        9680   6.1291538292929273        3.6847213453436818     
        9690   6.1152514383838374        3.6787470982370798     
        9700   6.1073947767676779        3.6712736635000462     
        9710   6.0980049252525230        3.6644317306900906     
        9720   6.0853091353535325        3.6577349643696975     
        9730   6.0739066404040383        3.6490832072139181     
        9740   6.0639890636363649        3.6390414019773285     
        9750   6.0556730656565634        3.6295475091415885     
        9760   6.0445735666666698        3.6214820888551555     
        9770   6.0333880181818182        3.6144179662571743     
        9780   6.0234040494949532        3.6084739941160788     
        9790   6.0142640404040382        3.5999934121355350     
        9800   6.0057858606060623        3.5929212909874675     
        9810   5.9952641676767691        3.5876423160139042     
        9820   5.9843975131313112        3.5810492147604824     
        9830   5.9769498262626284        3.5735634676468853     
        9840   5.9678743979797977        3.5646285943716145     
        9850   5.9564857464646508        3.5587743814096071     
        9860   5.9457130121212129        3.5513847997844561     
        9870   5.9348336949494946        3.5463358621286769     
        9880   5.9254858464646478        3.5398223956933896     
        9890   5.9174247343434345        3.5342025667742010     
        9900   5.9079819545454555        3.5303073223237944     
        9910   5.8981525717171728        3.5236779167246088     
        9920   5.8854428929292943        3.5147866385330513     
        9930   5.8745966868686850        3.5066995505462852     
        9940   5.8661277606060604        3.4967406308123872     
        9950   5.8570399212121202        3.4890138092965386     
        9960   5.8432837696969715        3.4818300308911567     
        9970   5.8338809383838388        3.4720903086324220     
        9980   5.8234096121212122        3.4637685670476377     
        9990   5.8121437161616161        3.4567492801357780     
       10000   5.8008471939393917        3.4499197305262950     
